0	34.90	39.37	42.51	
2.5	45.95	50.70	53.8
5	61.37	66.08	68.20
7.5	82.92	85.80	85.50	
10	111.9	110.10	106.20
12.5	148.30	138.80	128.70
15	191.80	170.30	152.70
17.5	240.20	204.30	177.10
20	288.20	235.20	198.40
22.5	329.80	261.60	215.60
25	358.60	278.30	226.40
27.5	369.70	283.60	230.20
30	359.60	277.50	226.8
32.5	332.10	260.50	214.50	
35	291.20	234.70	196.50
37.5	243.70	203.90	174.80
40	196.60	171.60	152.10
42.5	152.60	140.50	128.4
45	115.20	111.80	105.70
47.5	86.20	87.70	85.91	
50	63.70	69.90	67.90


