0.000	2.139
0.029	2.193
0.058	2.278
0.087	2.194
0.116	2.167
0.145	1.989
0.174	1.941
0.203	2.088
0.232	2.186
0.261	2.052
0.290	2.114
0.319	2.266
0.348	2.180
0.377	2.234
0.406	2.077
0.435	2.136
0.464	2.118
0.493	2.029
0.522	2.023
0.550	2.101
0.579	2.096
0.608	2.057
0.637	2.025
0.666	2.026
0.695	2.203
0.724	2.377
0.753	2.214
0.782	2.355
0.811	2.444
0.840	2.395
0.869	2.127
0.898	2.163
0.927	2.268
0.956	2.201
0.985	2.106
1.014	2.047
1.043	2.036
1.072	2.353
1.101	2.224
1.130	2.044
1.159	1.922
1.188	2.057
1.217	2.180
1.246	2.279
1.275	2.219
1.304	2.047
1.333	2.082
1.362	2.219
1.391	2.176
1.420	2.196
1.449	2.271
1.478	2.021
1.507	1.753
1.536	1.891
1.565	2.105
1.594	2.203
1.623	2.183
1.651	2.129
1.680	2.160
1.709	2.278
1.738	2.271
1.767	2.350
1.796	2.364
1.825	2.234
1.854	2.291
1.883	2.387
1.912	2.275
1.941	2.108
1.970	1.982
1.999	1.984
2.028	2.010
2.057	2.025
2.086	2.301
2.115	2.291
2.144	2.343
2.173	2.606
2.202	2.681
2.231	2.359
2.260	2.194
2.289	2.119
2.318	1.953
2.347	1.895
2.376	1.982
2.405	2.149
2.434	2.088
2.463	2.178
2.492	2.085
2.521	2.417
2.550	2.520
2.579	2.229
2.608	2.114
2.637	2.377
2.666	2.446
2.695	2.183
2.723	2.163
2.752	2.389
2.781	2.296
2.810	2.005
2.839	2.069
2.868	2.266
2.897	2.250
2.926	2.217
2.955	2.196
2.984	2.315
3.013	2.353
3.042	2.248
3.071	2.038
3.100	1.877
3.129	1.990
3.158	2.284
3.187	2.074
3.216	2.235
3.245	2.407
3.274	2.340
3.303	2.324
3.332	2.335
3.361	2.516
3.390	2.608
3.419	2.377
3.448	2.201
3.477	1.989
3.506	2.075
3.535	2.324
3.564	2.356
3.593	2.255
3.622	2.314
3.651	2.426
3.680	2.544
3.709	2.560
3.738	2.574
3.767	2.479
3.796	2.306
3.824	2.464
3.853	2.525
3.882	2.337
3.911	2.306
3.940	2.343
3.969	2.420
3.998	2.402
4.027	2.410
4.056	2.467
4.085	2.642
4.114	2.511
4.143	2.623
4.172	2.593
4.201	2.359
4.230	2.340
4.259	2.480
4.288	2.544
4.317	2.511
4.346	2.384
4.375	2.379
4.404	2.270
4.433	2.263
4.462	2.472
4.491	2.693
4.520	2.508
4.549	2.351
4.578	2.211
4.607	2.230
4.636	2.322
4.665	2.461
4.694	2.412
4.723	2.297
4.752	2.440
4.781	2.616
4.810	2.670
4.839	2.623
4.868	2.662
4.896	2.742
4.925	2.827
4.954	2.730
4.983	2.613
5.012	2.546
5.041	2.284
5.070	2.239
5.099	2.333
5.128	2.510
5.157	2.742
5.186	2.714
5.215	2.662
5.244	2.755
5.273	2.810
5.302	2.583
5.331	2.431
5.360	2.554
5.389	2.708
5.418	2.760
5.447	2.899
5.476	3.011
5.505	2.809
5.534	2.874
5.563	2.956
5.592	2.783
5.621	2.593
5.650	2.703
5.679	2.902
5.708	3.029
5.737	2.926
5.766	2.737
5.795	2.606
5.824	2.641
5.853	2.714
5.882	2.652
5.911	2.562
5.940	2.755
5.969	2.675
5.997	2.605
6.026	2.636
6.055	2.905
6.084	3.005
6.113	2.812
6.142	2.606
6.171	2.840
6.200	2.997
6.229	2.792
6.258	2.647
6.287	2.595
6.316	2.964
6.345	2.984
6.374	2.693
6.403	2.874
6.432	3.023
6.461	3.209
6.490	3.158
6.519	3.052
6.548	2.977
6.577	2.869
6.606	2.838
6.635	2.714
6.664	2.582
6.693	2.675
6.722	2.933
6.751	3.108
6.780	3.062
6.809	2.949
6.838	3.060
6.867	3.260
6.896	3.005
6.925	2.801
6.954	2.770
6.983	2.987
7.012	3.046
7.041	2.874
7.069	2.763
7.098	2.971
7.127	2.944
7.156	2.840
7.185	2.900
7.214	3.145
7.243	3.255
7.272	3.083
7.301	2.935
7.330	2.930
7.359	2.985
7.388	3.008
7.417	3.070
7.446	3.141
7.475	3.201
7.504	3.502
7.533	3.420
7.562	3.315
7.591	3.194
7.620	3.379
7.649	3.271
7.678	2.974
7.707	2.982
7.736	3.098
7.765	3.178
7.794	3.065
7.823	2.900
7.852	3.033
7.881	3.074
7.910	2.977
7.939	2.817
7.968	2.943
7.997	3.320
8.026	3.348
8.055	3.180
8.084	2.997
8.113	2.859
8.142	2.812
8.170	2.922
8.199	3.038
8.228	3.190
8.257	3.301
8.286	3.082
8.315	2.995
8.344	3.212
8.373	3.144
8.402	3.098
8.431	3.324
8.460	3.395
8.489	3.377
8.518	3.092
8.547	3.160
8.576	3.320
8.605	3.132
8.634	3.088
8.663	3.250
8.692	3.443
8.721	3.454
8.750	3.474
8.779	3.557
8.808	3.350
8.837	3.042
8.866	3.074
8.895	3.346
8.924	3.474
8.953	3.500
8.982	3.194
9.011	3.183
9.040	3.469
9.069	3.861
9.098	4.083
9.127	3.897
9.156	3.560
9.185	3.361
9.214	3.258
9.242	3.163
9.271	3.446
9.300	3.423
9.329	3.366
9.358	3.505
9.387	3.704
9.416	3.740
9.445	3.198
9.474	3.141
9.503	3.431
9.532	3.817
9.561	3.845
9.590	3.539
9.619	3.521
9.648	3.838
9.677	3.562
9.706	3.641
9.735	3.694
9.764	3.593
9.793	3.608
9.822	3.601
9.851	3.879
9.880	4.232
9.909	4.109
9.938	3.748
9.967	3.510
9.996	3.688
10.025	3.943
10.054	3.761
10.083	3.814
10.112	4.074
10.141	4.252
10.170	4.252
10.199	4.343
10.228	4.325
10.257	4.209
10.286	4.054
10.315	4.150
10.343	4.462
10.372	4.500
10.401	4.528
10.430	4.490
10.459	4.374
10.488	4.275
10.517	4.201
10.546	4.250
10.575	4.412
10.604	4.301
10.633	4.129
10.662	4.052
10.691	4.203
10.720	4.477
10.749	4.248
10.778	4.190
10.807	4.444
10.836	4.359
10.865	4.593
10.894	4.623
10.923	4.381
10.952	4.382
10.981	4.487
11.010	4.547
11.039	4.606
11.068	4.675
11.097	4.657
11.126	4.641
11.155	4.544
11.184	4.534
11.213	4.562
11.242	4.631
11.271	4.711
11.300	4.747
11.329	5.026
11.358	5.065
11.387	4.866
11.415	4.681
11.444	4.498
11.473	4.510
11.502	4.704
11.531	4.670
11.560	4.560
11.589	4.734
11.618	4.984
11.647	5.116
11.676	5.180
11.705	5.359
11.734	5.343
11.763	4.699
11.792	4.698
11.821	4.735
11.850	4.802
11.879	4.874
11.908	4.941
11.937	4.995
11.966	5.167
11.995	4.967
12.024	4.781
12.053	4.881
12.082	5.015
12.111	4.971
12.140	4.658
12.169	4.516
12.198	4.708
12.227	4.655
12.256	4.745
12.285	4.832
12.314	4.778
12.343	4.989
12.372	5.183
12.401	5.281
12.430	5.211
12.459	4.711
12.488	4.791
12.516	4.989
12.545	5.167
12.574	5.092
12.603	5.049
12.632	5.345
12.661	5.485
12.690	5.199
12.719	5.011
12.748	5.221
12.777	5.340
12.806	5.387
12.835	5.286
12.864	5.359
12.893	5.794
12.922	5.513
12.951	5.505
12.980	5.413
13.009	5.175
13.038	5.306
13.067	5.577
13.096	5.886
13.125	5.887
13.154	5.802
13.183	5.931
13.212	6.042
13.241	5.807
13.270	5.678
13.299	5.825
13.328	5.944
13.357	5.851
13.386	5.716
13.415	5.828
13.444	5.871
13.473	5.956
13.502	6.129
13.531	6.212
13.560	6.025
13.588	5.863
13.617	5.873
13.646	5.969
13.675	5.941
13.704	5.920
13.733	6.214
13.762	6.433
13.791	6.227
13.820	6.062
13.849	5.974
13.878	6.301
13.907	6.807
13.936	6.763
13.965	6.346
13.994	6.216
14.023	6.209
14.052	6.276
14.081	6.127
14.110	6.286
14.139	6.621
14.168	6.708
14.197	6.515
14.226	6.422
14.255	6.466
14.284	6.422
14.313	6.239
14.342	6.474
14.371	6.881
14.400	7.000
14.429	6.595
14.458	6.302
14.487	6.557
14.516	6.946
14.545	6.673
14.574	6.636
14.603	6.773
14.632	6.843
14.661	6.626
14.689	6.415
14.718	6.454
14.747	6.533
14.776	6.627
14.805	7.007
14.834	7.446
14.863	7.374
14.892	7.059
14.921	7.031
14.950	7.144
14.979	7.188
15.008	7.296
15.037	7.444
15.066	7.381
15.095	7.338
15.124	7.248
15.153	7.020
15.182	7.085
15.211	7.471
15.240	7.624
15.269	7.624
15.298	7.650
15.327	7.694
15.356	7.712
15.385	7.848
15.414	8.007
15.443	8.054
15.472	7.856
15.501	7.845
15.530	8.047
15.559	8.230
15.588	7.899
15.617	7.417
15.646	7.500
15.675	7.876
15.704	7.943
15.733	8.124
15.761	8.472
15.790	8.743
15.819	8.407
15.848	8.222
15.877	8.245
15.906	8.449
15.935	8.654
15.964	8.430
15.993	8.278
16.022	8.279
16.051	8.258
16.080	8.408
16.109	8.730
16.138	8.776
16.167	8.879
16.196	8.926
16.225	9.023
16.254	8.889
16.283	8.369
16.312	8.342
16.341	8.842
16.370	9.278
16.399	9.008
16.428	8.791
16.457	8.588
16.486	8.632
16.515	8.985
16.544	9.108
16.573	9.149
16.602	9.168
16.631	8.975
16.660	9.306
16.689	9.580
16.718	9.252
16.747	9.098
16.776	9.206
16.805	9.489
16.834	9.750
16.862	9.528
16.891	9.655
16.920	9.766
16.949	9.827
16.978	9.667
17.007	9.575
17.036	9.871
17.065	9.984
17.094	9.435
17.123	9.474
17.152	9.613
17.181	9.766
17.210	9.908
17.239	9.985
17.268	9.923
17.297	9.806
17.326	9.812
17.355	9.861
17.384	10.206
17.413	10.288
17.442	10.051
17.471	10.100
17.500	10.029
17.529	9.979
17.558	9.750
17.587	9.892
17.616	10.134
17.645	10.155
17.674	10.441
17.703	10.680
17.732	10.792
17.761	10.502
17.790	10.208
17.819	10.539
17.848	10.709
17.877	10.690
17.906	10.626
17.934	10.895
17.963	11.345
17.992	11.516
18.021	10.995
18.050	10.953
18.079	11.253
18.108	11.124
18.137	10.709
18.166	10.510
18.195	10.408
18.224	10.632
18.253	10.755
18.282	10.951
18.311	11.057
18.340	11.199
18.369	11.574
18.398	11.490
18.427	11.237
18.456	11.118
18.485	11.355
18.514	11.660
18.543	11.961
18.572	11.783
18.601	11.423
18.630	11.636
18.659	11.891
18.688	11.696
18.717	11.508
18.746	11.642
18.775	11.797
18.804	11.989
18.833	12.296
18.862	12.526
18.891	12.681
18.920	12.706
18.949	12.402
18.978	12.193
19.007	11.961
19.035	11.922
19.064	12.096
19.093	12.157
19.122	12.480
19.151	12.760
19.180	12.904
19.209	12.949
19.238	12.868
19.267	12.889
19.296	12.936
19.325	13.126
19.354	12.900
19.383	12.783
19.412	12.649
19.441	12.768
19.470	13.062
19.499	13.253
19.528	13.351
19.557	13.194
19.586	13.038
19.615	12.969
19.644	13.067
19.673	13.232
19.702	13.137
19.731	13.335
19.760	13.889
19.789	13.938
19.818	13.873
19.847	13.979
19.876	14.074
19.905	13.922
19.934	13.706
19.963	13.626
19.992	13.897
20.021	14.139
20.050	14.096
20.079	14.028
20.107	13.962
20.136	14.660
20.165	14.935
20.194	14.725
20.223	14.395
20.252	14.340
20.281	14.350
20.310	14.668
20.339	14.446
20.368	14.245
20.397	14.201
20.426	14.609
20.455	14.882
20.484	14.807
20.513	14.771
20.542	15.188
20.571	15.047
20.600	15.426
20.629	15.065
20.658	14.946
20.687	15.074
20.716	15.475
20.745	15.703
20.774	15.819
20.803	15.247
20.832	15.359
20.861	15.613
20.890	15.712
20.919	15.489
20.948	15.420
20.977	15.714
21.006	16.209
21.035	15.938
21.064	16.106
21.093	16.157
21.122	16.283
21.151	16.060
21.180	16.193
21.208	16.332
21.237	16.415
21.266	16.015
21.295	16.108
21.324	16.253
21.353	16.373
21.382	16.560
21.411	16.654
21.440	16.739
21.469	17.404
21.498	17.134
21.527	16.925
21.556	16.879
21.585	17.085
21.614	16.936
21.643	16.781
21.672	16.719
21.701	17.271
21.730	17.315
21.759	17.551
21.788	17.443
21.817	17.634
21.846	17.588
21.875	17.819
21.904	17.863
21.933	17.992
21.962	17.871
21.991	18.015
22.020	17.657
22.049	17.422
22.078	17.846
22.107	18.315
22.136	18.250
22.165	18.284
22.194	18.281
22.223	19.088
22.252	18.980
22.280	18.887
22.309	19.157
22.338	19.216
22.367	19.145
22.396	19.410
22.425	19.008
22.454	19.193
22.483	19.675
22.512	19.851
22.541	19.703
22.570	19.564
22.599	19.832
22.628	19.912
22.657	19.820
22.686	19.995
22.715	19.775
22.744	20.261
22.773	20.310
22.802	20.752
22.831	20.538
22.860	20.889
22.889	20.786
22.918	20.907
22.947	20.887
22.976	20.799
23.005	20.838
23.034	21.069
23.063	21.078
23.092	21.433
23.121	21.294
23.150	21.477
23.179	21.546
23.208	21.592
23.237	21.837
23.266	21.786
23.295	21.877
23.324	22.253
23.353	22.356
23.381	22.291
23.410	21.989
23.439	21.889
23.468	22.175
23.497	22.247
23.526	22.345
23.555	22.783
23.584	22.673
23.613	22.721
23.642	22.938
23.671	22.827
23.700	22.892
23.729	23.123
23.758	23.118
23.787	23.088
23.816	22.827
23.845	23.654
23.874	24.051
23.903	23.861
23.932	23.634
23.961	23.551
23.990	23.830
24.019	24.273
24.048	23.918
24.077	23.895
24.106	24.062
24.135	24.387
24.164	24.616
24.193	24.407
24.222	24.082
24.251	24.096
24.280	24.498
24.309	24.652
24.338	24.458
24.367	24.381
24.396	25.080
24.425	25.709
24.453	25.822
24.482	25.740
24.511	25.489
24.540	25.513
24.569	25.386
24.598	25.211
24.627	25.394
24.656	25.557
24.685	25.507
24.714	25.810
24.743	25.992
24.772	26.145
24.801	26.038
24.830	26.103
24.859	26.315
24.888	25.959
24.917	25.989
24.946	26.609
24.975	27.172
25.004	27.209
25.033	26.703
25.062	26.627
25.091	26.797
25.120	26.869
25.149	26.902
25.178	26.948
25.207	27.108
25.236	27.377
25.265	27.441
25.294	27.343
25.323	27.521
25.352	27.719
25.381	27.827
25.410	28.015
25.439	27.871
25.468	27.923
25.497	28.064
25.526	28.413
25.554	28.693
25.583	28.529
25.612	28.551
25.641	28.747
25.670	29.098
25.699	29.696
25.728	29.833
25.757	29.462
25.786	29.296
25.815	29.307
25.844	29.346
25.873	29.314
25.902	29.382
25.931	29.624
25.960	30.010
25.989	30.260
26.018	30.296
26.047	30.149
26.076	30.258
26.105	30.703
26.134	30.613
26.163	30.515
26.192	30.348
26.221	30.752
26.250	31.281
26.279	31.025
26.308	31.108
26.337	31.806
26.366	31.672
26.395	31.536
26.424	31.873
26.453	32.029
26.482	31.858
26.511	31.990
26.540	32.567
26.569	32.845
26.598	32.498
26.626	32.423
26.655	32.627
26.684	32.748
26.713	32.938
26.742	33.167
26.771	33.268
26.800	33.389
26.829	33.353
26.858	33.618
26.887	33.641
26.916	33.650
26.945	34.121
26.974	34.296
27.003	34.348
27.032	34.600
27.061	34.541
27.090	34.712
27.119	34.910
27.148	34.969
27.177	34.985
27.206	35.175
27.235	35.587
27.264	35.768
27.293	35.327
27.322	35.391
27.351	35.859
27.380	36.096
27.409	36.230
27.438	36.337
27.467	36.466
27.496	36.487
27.525	36.574
27.554	36.866
27.583	37.145
27.612	37.271
27.641	37.484
27.670	37.779
27.699	37.879
27.727	37.820
27.756	37.580
27.785	37.683
27.814	38.062
27.843	38.263
27.872	38.178
27.901	38.449
27.930	38.631
27.959	38.750
27.988	38.377
28.017	38.623
28.046	38.840
28.075	39.348
28.104	39.526
28.133	39.376
28.162	39.565
28.191	39.985
28.220	40.000
28.249	40.418
28.278	40.330
28.307	40.324
28.336	40.292
28.365	40.415
28.394	40.199
28.423	40.502
28.452	40.665
28.481	40.850
28.510	40.701
28.539	40.794
28.568	41.056
28.597	41.131
28.626	41.198
28.655	41.641
28.684	41.850
28.713	42.052
28.742	42.258
28.771	42.291
28.799	42.727
28.828	42.930
28.857	42.789
28.886	42.802
28.915	42.804
28.944	43.201
28.973	43.453
29.002	43.495
29.031	43.670
29.060	43.536
29.089	43.565
29.118	43.789
29.147	44.105
29.176	44.204
29.205	44.492
29.234	44.815
29.263	45.078
29.292	45.149
29.321	45.178
29.350	45.268
29.379	45.243
29.408	45.495
29.437	45.792
29.466	46.011
29.495	46.245
29.524	46.232
29.553	46.415
29.582	46.719
29.611	46.431
29.640	46.408
29.669	46.686
29.698	47.033
29.727	47.292
29.756	47.023
29.785	47.239
29.814	47.761
29.843	47.887
29.872	47.853
29.900	47.833
29.929	47.912
29.958	48.297
29.987	48.588
30.016	49.194
30.045	49.672
30.074	49.528
30.103	49.418
30.132	49.623
30.161	50.011
30.190	50.346
30.219	50.464
30.248	50.557
30.277	50.668
30.306	50.511
30.335	50.768
30.364	50.680
30.393	50.712
30.422	50.969
30.451	51.036
30.480	51.364
30.509	51.891
30.538	51.959
30.567	52.028
30.596	52.052
30.625	52.118
30.654	52.255
30.683	52.199
30.712	52.547
30.741	53.034
30.770	53.082
30.799	52.902
30.828	53.033
30.857	53.382
30.886	53.786
30.915	53.708
30.944	53.739
30.972	54.007
31.001	54.204
31.030	54.634
31.059	55.062
31.088	55.176
31.117	55.348
31.146	55.544
31.175	55.951
31.204	56.564
31.233	56.240
31.262	56.121
31.291	56.477
31.320	56.688
31.349	56.627
31.378	56.575
31.407	57.124
31.436	57.492
31.465	57.216
31.494	57.242
31.523	57.322
31.552	57.533
31.581	57.712
31.610	57.627
31.639	57.840
31.668	58.484
31.697	58.217
31.726	58.547
31.755	58.846
31.784	58.915
31.813	59.103
31.842	59.240
31.871	59.536
31.900	59.944
31.929	59.891
31.958	60.343
31.987	60.381
32.016	60.322
32.045	60.827
32.073	61.007
32.102	61.123
32.131	61.484
32.160	61.608
32.189	61.868
32.218	62.036
32.247	62.080
32.276	62.328
32.305	62.373
32.334	62.498
32.363	62.876
32.392	63.433
32.421	63.925
32.450	63.815
32.479	63.763
32.508	64.005
32.537	64.199
32.566	64.090
32.595	64.291
32.624	64.634
32.653	65.137
32.682	65.560
32.711	65.484
32.740	65.725
32.769	66.113
32.798	66.426
32.827	66.593
32.856	66.400
32.885	66.732
32.914	66.956
32.943	67.080
32.972	67.493
33.001	67.693
33.030	67.961
33.059	68.317
33.088	68.203
33.117	68.799
33.146	69.034
33.174	69.070
33.203	69.015
33.232	68.972
33.261	69.386
33.290	69.876
33.319	70.211
33.348	70.665
33.377	70.676
33.406	70.768
33.435	71.258
33.464	71.376
33.493	71.355
33.522	71.551
33.551	71.873
33.580	72.124
33.609	72.025
33.638	72.212
33.667	72.856
33.696	73.204
33.725	73.364
33.754	73.608
33.783	73.676
33.812	73.879
33.841	74.044
33.870	74.315
33.899	74.755
33.928	74.900
33.957	75.062
33.986	75.507
34.015	75.544
34.044	75.993
34.073	76.155
34.102	76.258
34.131	76.319
34.160	76.342
34.189	76.454
34.218	76.654
34.246	76.917
34.275	77.150
34.304	77.353
34.333	77.547
34.362	78.070
34.391	78.475
34.420	78.572
34.449	78.616
34.478	78.799
34.507	79.248
34.536	79.634
34.565	79.838
34.594	79.940
34.623	79.894
34.652	79.855
34.681	80.454
34.710	80.502
34.739	80.485
34.768	80.758
34.797	81.239
34.826	81.873
34.855	81.909
34.884	81.971
34.913	82.391
34.942	82.436
34.971	82.632
35.000	82.578
35.029	82.665
35.058	82.672
35.087	82.616
35.116	83.070
35.145	83.619
35.174	83.928
35.203	84.436
35.232	85.186
35.261	85.278
35.290	85.190
35.319	85.301
35.347	85.542
35.376	85.843
35.405	86.286
35.434	86.608
35.463	86.923
35.492	87.194
35.521	87.379
35.550	87.366
35.579	87.428
35.608	87.678
35.637	87.760
35.666	88.011
35.695	87.969
35.724	87.940
35.753	88.552
35.782	89.046
35.811	89.188
35.840	89.237
35.869	89.116
35.898	89.310
35.927	89.369
35.956	89.572
35.985	89.595
36.014	89.918
36.043	90.168
36.072	90.539
36.101	90.422
36.130	90.881
36.159	91.108
36.188	91.294
36.217	91.755
36.246	92.026
36.275	92.252
36.304	92.792
36.333	92.843
36.362	93.175
36.391	93.185
36.419	93.289
36.448	93.933
36.477	94.225
36.506	94.225
36.535	94.304
36.564	94.351
36.593	94.856
36.622	95.127
36.651	95.626
36.680	95.799
36.709	95.743
36.738	95.936
36.767	96.789
36.796	96.985
36.825	96.969
36.854	97.020
36.883	97.327
36.912	97.758
36.941	97.992
36.970	98.132
36.999	98.243
37.028	98.350
37.057	98.827
37.086	98.690
37.115	98.853
37.144	99.253
37.173	99.423
37.202	99.410
37.231	100.206
37.260	100.480
37.289	100.433
37.318	100.261
37.347	100.701
37.376	101.500
37.405	101.609
37.434	101.440
37.463	101.833
37.492	102.065
37.520	102.611
37.549	102.645
37.578	102.613
37.607	102.993
37.636	103.057
37.665	103.010
37.694	103.221
37.723	103.387
37.752	103.891
37.781	103.990
37.810	104.170
37.839	104.665
37.868	104.990
37.897	105.511
37.926	106.098
37.955	106.219
37.984	106.564
38.013	106.876
38.042	107.222
38.071	107.356
38.100	107.327
38.129	107.451
38.158	107.809
38.187	107.879
38.216	108.020
38.245	108.046
38.274	108.059
38.303	108.209
38.332	108.518
38.361	108.925
38.390	109.407
38.419	109.324
38.448	109.637
38.477	110.029
38.506	110.487
38.535	110.627
38.564	110.263
38.592	110.417
38.621	111.038
38.650	111.266
38.679	111.637
38.708	111.776
38.737	112.137
38.766	112.544
38.795	112.796
38.824	112.938
38.853	113.297
38.882	113.507
38.911	113.541
38.940	113.235
38.969	113.356
38.998	113.900
39.027	114.185
39.056	114.225
39.085	114.897
39.114	115.292
39.143	115.740
39.172	115.876
39.201	116.029
39.230	116.077
39.259	116.288
39.288	116.672
39.317	117.364
39.346	117.087
39.375	117.255
39.404	117.456
39.433	117.672
39.462	117.802
39.491	118.034
39.520	118.191
39.549	118.253
39.578	118.129
39.607	118.507
39.636	118.572
39.665	118.569
39.693	118.799
39.722	119.054
39.751	119.239
39.780	119.500
39.809	119.237
39.838	119.645
39.867	120.083
39.896	120.212
39.925	120.355
39.954	120.601
39.983	120.892
40.012	121.180
40.041	121.315
40.070	122.070
40.099	122.152
40.128	122.292
40.157	122.564
40.186	122.703
40.215	122.868
40.244	123.162
40.273	123.069
40.302	123.263
40.331	123.332
40.360	123.575
40.389	123.984
40.418	124.257
40.447	124.359
40.476	124.845
40.505	125.253
40.534	125.503
40.563	125.503
40.592	125.572
40.621	125.778
40.650	125.797
40.679	125.866
40.708	126.137
40.737	126.351
40.765	126.827
40.794	126.967
40.823	126.819
40.852	126.855
40.881	127.039
40.910	127.275
40.939	127.577
40.968	127.497
40.997	127.971
41.026	128.364
41.055	128.482
41.084	128.559
41.113	128.596
41.142	128.704
41.171	128.936
41.200	128.837
41.229	128.913
41.258	129.090
41.287	129.557
41.316	129.837
41.345	129.588
41.374	129.616
41.403	130.245
41.432	130.083
41.461	130.261
41.490	130.569
41.519	130.832
41.548	131.168
41.577	131.539
41.606	131.649
41.635	131.523
41.664	131.405
41.693	131.631
41.722	131.627
41.751	131.704
41.780	132.005
41.809	132.350
41.838	132.536
41.866	132.812
41.895	132.688
41.924	133.036
41.953	133.443
41.982	133.768
42.011	133.843
42.040	133.954
42.069	134.126
42.098	134.402
42.127	134.433
42.156	134.657
42.185	134.788
42.214	135.077
42.243	135.221
42.272	135.322
42.301	135.436
42.330	135.631
42.359	135.518
42.388	135.791
42.417	135.815
42.446	135.755
42.475	136.000
42.504	136.420
42.533	136.574
42.562	136.706
42.591	136.683
42.620	136.835
42.649	136.915
42.678	137.088
42.707	137.306
42.736	137.520
42.765	137.636
42.794	137.846
42.823	137.946
42.852	138.190
42.881	138.031
42.910	138.141
42.938	138.542
42.967	138.613
42.996	138.616
43.025	139.157
43.054	139.528
43.083	139.781
43.112	139.760
43.141	139.825
43.170	140.123
43.199	140.392
43.228	140.304
43.257	140.359
43.286	140.433
43.315	140.845
43.344	140.763
43.373	140.639
43.402	141.015
43.431	141.172
43.460	141.041
43.489	141.444
43.518	141.588
43.547	141.848
43.576	141.828
43.605	141.711
43.634	141.771
43.663	141.943
43.692	142.206
43.721	142.588
43.750	142.551
43.779	142.626
43.808	142.590
43.837	142.807
43.866	142.948
43.895	142.967
43.924	143.016
43.953	143.454
43.982	143.655
44.011	143.879
44.039	143.902
44.068	144.222
44.097	144.252
44.126	144.327
44.155	144.425
44.184	144.500
44.213	144.431
44.242	144.941
44.271	145.015
44.300	145.095
44.329	145.088
44.358	145.119
44.387	145.260
44.416	145.624
44.445	145.404
44.474	145.292
44.503	145.350
44.532	145.619
44.561	145.982
44.590	145.975
44.619	146.067
44.648	146.319
44.677	146.116
44.706	146.258
44.735	146.444
44.764	146.737
44.793	146.778
44.822	146.690
44.851	146.815
44.880	147.158
44.909	147.412
44.938	147.523
44.967	147.551
44.996	147.758
45.025	147.729
45.054	147.649
45.083	147.582
45.111	147.721
45.140	147.840
45.169	148.201
45.198	148.150
45.227	148.123
45.256	148.296
45.285	148.557
45.314	148.593
45.343	148.755
45.372	148.642
45.401	148.837
45.430	148.851
45.459	148.851
45.488	149.010
45.517	149.185
45.546	149.353
45.575	149.629
45.604	149.565
45.633	149.585
45.662	149.516
45.691	149.619
45.720	149.873
45.749	149.980
45.778	150.070
45.807	150.221
45.836	149.969
45.865	150.060
45.894	150.224
45.923	150.386
45.952	150.296
45.981	150.459
46.010	150.752
46.039	150.887
46.068	150.616
46.097	151.077
46.126	151.176
46.155	151.149
46.184	151.263
46.212	151.426
46.241	151.461
46.270	151.652
46.299	151.489
46.328	151.621
46.357	151.719
46.386	151.899
46.415	151.894
46.444	152.041
46.473	152.225
46.502	152.299
46.531	152.074
46.560	152.415
46.589	152.430
46.618	152.260
46.647	152.240
46.676	152.377
46.705	152.500
46.734	152.650
46.763	152.569
46.792	152.757
46.821	152.843
46.850	153.078
46.879	153.070
46.908	153.114
46.937	153.230
46.966	153.433
46.995	153.346
47.024	153.587
47.053	153.529
47.082	153.552
47.111	153.716
47.140	153.907
47.169	154.074
47.198	154.214
47.227	153.913
47.256	154.242
47.284	154.212
47.313	153.969
47.342	153.810
47.371	153.866
47.400	154.216
47.429	154.567
47.458	154.348
47.487	154.554
47.516	154.686
47.545	154.889
47.574	154.868
47.603	154.693
47.632	154.690
47.661	155.139
47.690	154.966
47.719	155.031
47.748	155.188
47.777	155.356
47.806	155.186
47.835	155.296
47.864	155.526
47.893	155.518
47.922	155.018
47.951	155.041
47.980	155.374
48.009	155.472
48.038	155.294
48.067	155.510
48.096	155.750
48.125	155.874
48.154	155.632
48.183	155.690
48.212	155.918
48.241	156.070
48.270	156.095
48.299	156.078
48.328	156.016
48.357	156.059
48.385	155.974
48.414	156.062
48.443	156.150
48.472	156.273
48.501	156.273
48.530	156.232
48.559	156.173
48.588	156.319
48.617	156.255
48.646	156.245
48.675	156.224
48.704	156.392
48.733	156.418
48.762	156.387
48.791	156.505
48.820	156.763
48.849	156.845
48.878	156.770
48.907	156.621
48.936	156.595
48.965	156.820
48.994	157.054
49.023	157.026
49.052	157.010
49.081	156.928
49.110	156.895
49.139	156.788
49.168	156.892
49.197	157.036
49.226	156.931
49.255	156.997
49.284	157.123
49.313	157.186
49.342	157.206
49.371	157.067
49.400	157.172
49.429	157.208
49.457	157.176
49.486	157.180
49.515	157.266
49.544	157.198
49.573	157.239
49.602	157.322
49.631	157.384
49.660	157.374
49.689	157.302
49.718	157.248
49.747	157.167
49.776	157.123
49.805	157.377
49.834	157.475
49.863	157.297
49.892	157.108
49.921	157.235
49.950	157.520
49.979	157.722
50.008	157.480
50.037	157.596
50.066	157.472
50.095	157.428
50.124	157.544
50.153	157.665
50.182	157.546
50.211	157.438
50.240	157.508
50.269	157.645
50.298	157.740
50.327	157.621
50.356	157.536
50.385	157.513
50.414	157.627
50.443	157.634
50.472	157.570
50.501	157.735
50.530	157.784
50.558	157.712
50.587	157.690
50.616	157.652
50.645	157.626
50.674	157.637
50.703	157.443
50.732	157.433
50.761	157.306
50.790	157.430
50.819	157.472
50.848	157.505
50.877	157.557
50.906	157.750
50.935	157.498
50.964	157.441
50.993	157.379
51.022	157.376
51.051	157.456
51.080	157.523
51.109	157.500
51.138	157.489
51.167	157.570
51.196	157.626
51.225	157.458
51.254	157.288
51.283	157.281
51.312	157.332
51.341	157.397
51.370	157.438
51.399	157.544
51.428	157.480
51.457	157.428
51.486	157.438
51.515	157.392
51.544	157.150
51.573	157.093
51.602	157.307
51.630	157.000
51.659	156.873
51.688	157.031
51.717	157.417
51.746	157.376
51.775	157.031
51.804	157.039
51.833	157.237
51.862	157.257
51.891	157.077
51.920	157.042
51.949	157.127
51.978	157.239
52.007	157.185
52.036	157.085
52.065	156.930
52.094	156.933
52.123	157.031
52.152	156.984
52.181	156.944
52.210	156.840
52.239	156.894
52.268	157.025
52.297	157.069
52.326	156.954
52.355	156.905
52.384	156.928
52.413	156.925
52.442	156.904
52.471	156.680
52.500	156.683
52.529	156.828
52.558	156.699
52.587	156.601
52.616	156.526
52.645	156.595
52.674	156.663
52.703	156.582
52.731	156.444
52.760	156.284
52.789	156.221
52.818	156.327
52.847	156.412
52.876	156.363
52.905	156.261
52.934	156.194
52.963	156.150
52.992	156.139
53.021	156.052
53.050	155.868
53.079	155.995
53.108	156.070
53.137	155.935
53.166	155.745
53.195	155.778
53.224	155.663
53.253	155.775
53.282	155.686
53.311	155.430
53.340	155.377
53.369	155.369
53.398	155.309
53.427	155.096
53.456	154.951
53.485	154.998
53.514	155.186
53.543	155.144
53.572	154.969
53.601	154.966
53.630	155.116
53.659	155.025
53.688	154.802
53.717	154.765
53.746	154.814
53.775	154.886
53.803	154.859
53.832	154.693
53.861	154.422
53.890	154.355
53.919	154.386
53.948	154.580
53.977	154.526
54.006	154.330
54.035	154.163
54.064	154.302
54.093	154.003
54.122	153.895
54.151	153.783
54.180	153.786
54.209	153.760
54.238	153.876
54.267	153.804
54.296	153.560
54.325	153.250
54.354	153.196
54.383	153.319
54.412	153.173
54.441	153.064
54.470	153.064
54.499	153.070
54.528	153.049
54.557	152.858
54.586	152.714
54.615	152.658
54.644	152.523
54.673	152.433
54.702	152.438
54.731	152.379
54.760	152.358
54.789	152.229
54.818	152.111
54.847	151.832
54.876	151.734
54.904	151.752
54.933	151.698
54.962	151.536
54.991	151.606
55.020	151.670
55.049	151.688
55.078	151.564
55.107	151.325
55.136	151.458
55.165	151.428
55.194	151.191
55.223	150.992
55.252	150.930
55.281	150.984
55.310	150.944
55.339	150.804
55.368	150.874
55.397	150.997
55.426	150.761
55.455	150.418
55.484	150.123
55.513	150.170
55.542	150.198
55.571	149.974
55.600	149.923
55.629	149.967
55.658	149.997
55.687	149.993
55.716	149.722
55.745	149.585
55.774	149.760
55.803	149.753
55.832	149.458
55.861	149.062
55.890	148.863
55.919	149.046
55.948	148.869
55.976	148.681
56.005	148.675
56.034	148.721
56.063	148.588
56.092	148.391
56.121	148.279
56.150	148.471
56.179	148.422
56.208	148.304
56.237	148.108
56.266	147.735
56.295	147.436
56.324	147.221
56.353	147.275
56.382	147.400
56.411	147.178
56.440	147.034
56.469	147.047
56.498	146.915
56.527	146.859
56.556	146.712
56.585	146.685
56.614	146.802
56.643	146.394
56.672	146.010
56.701	146.219
56.730	146.114
56.759	145.925
56.788	145.551
56.817	145.663
56.846	145.848
56.875	145.658
56.904	145.459
56.933	145.663
56.962	145.516
56.991	145.433
57.020	145.209
57.049	144.886
57.077	144.900
57.106	144.920
57.135	144.634
57.164	144.279
57.193	144.149
57.222	144.183
57.251	143.922
57.280	143.533
57.309	143.542
57.338	143.456
57.367	143.217
57.396	142.948
57.425	142.876
57.454	142.838
57.483	142.807
57.512	142.781
57.541	142.918
57.570	142.874
57.599	142.567
57.628	142.348
57.657	142.167
57.686	141.961
57.715	141.845
57.744	141.690
57.773	141.469
57.802	141.139
57.831	141.088
57.860	141.258
57.889	141.162
57.918	141.131
57.947	141.078
57.976	141.116
58.005	141.118
58.034	140.984
58.063	140.654
58.092	140.510
58.121	140.379
58.149	140.240
58.178	140.011
58.207	139.801
58.236	139.670
58.265	139.623
58.294	139.694
58.323	139.792
58.352	139.670
58.381	139.444
58.410	139.155
58.439	138.993
58.468	138.843
58.497	138.508
58.526	138.333
58.555	138.387
58.584	138.286
58.613	138.217
58.642	138.005
58.671	137.799
58.700	137.771
58.729	137.649
58.758	137.422
58.787	137.033
58.816	136.809
58.845	136.859
58.874	136.788
58.903	136.660
58.932	136.467
58.961	136.335
58.990	136.194
59.019	136.077
59.048	135.998
59.077	135.730
59.106	135.596
59.135	135.711
59.164	135.797
59.193	135.559
59.222	135.359
59.250	135.340
59.279	135.227
59.308	135.085
59.337	134.606
59.366	134.299
59.395	134.386
59.424	134.327
59.453	133.962
59.482	133.605
59.511	133.685
59.540	133.681
59.569	133.490
59.598	132.979
59.627	132.703
59.656	132.605
59.685	132.462
59.714	132.193
59.743	132.046
59.772	132.142
59.801	131.876
59.830	131.606
59.859	131.520
59.888	131.247
59.917	131.060
59.946	131.186
59.975	131.095
60.004	131.268
60.033	130.949
60.062	130.482
60.091	130.343
60.120	130.253
60.149	129.985
60.178	129.714
60.207	129.446
60.236	129.590
60.265	129.328
60.294	128.938
60.322	128.930
60.351	128.832
60.380	128.570
60.409	128.485
60.438	128.225
60.467	128.247
60.496	127.876
60.525	127.551
60.554	127.711
60.583	127.359
60.612	126.935
60.641	126.815
60.670	126.355
60.699	126.203
60.728	125.804
60.757	125.711
60.786	125.956
60.815	126.011
60.844	125.770
60.873	125.578
60.902	125.154
60.931	124.768
60.960	124.574
60.989	124.255
61.018	124.209
61.047	124.196
61.076	124.005
61.105	123.956
61.134	123.711
61.163	123.400
61.192	122.985
61.221	122.569
61.250	122.268
61.279	122.044
61.308	121.716
61.337	121.600
61.366	121.271
61.395	121.158
61.423	121.266
61.452	121.307
61.481	120.784
61.510	120.587
61.539	120.663
61.568	120.657
61.597	120.118
61.626	119.727
61.655	119.340
61.684	119.539
61.713	119.435
61.742	119.183
61.771	118.758
61.800	118.840
61.829	118.245
61.858	118.118
61.887	117.673
61.916	117.667
61.945	117.647
61.974	117.426
62.003	117.131
62.032	117.225
62.061	116.900
62.090	116.874
62.119	116.453
62.148	116.212
62.177	116.083
62.206	115.624
62.235	115.345
62.264	115.181
62.293	115.054
62.322	115.100
62.351	114.797
62.380	114.505
62.409	114.498
62.438	114.327
62.467	113.864
62.495	113.639
62.524	113.294
62.553	113.371
62.582	112.917
62.611	112.408
62.640	112.136
62.669	112.101
62.698	111.660
62.727	111.619
62.756	111.399
62.785	111.536
62.814	111.436
62.843	111.167
62.872	111.028
62.901	110.706
62.930	110.250
62.959	110.142
62.988	109.832
63.017	109.745
63.046	109.507
63.075	109.252
63.104	108.918
63.133	108.681
63.162	108.382
63.191	108.054
63.220	107.775
63.249	107.619
63.278	107.193
63.307	107.070
63.336	107.176
63.365	107.132
63.394	107.000
63.423	106.843
63.452	106.655
63.481	106.433
63.510	106.198
63.539	105.971
63.568	105.711
63.596	105.232
63.625	104.595
63.654	104.542
63.683	103.938
63.712	103.953
63.741	103.575
63.770	103.175
63.799	103.108
63.828	103.147
63.857	103.142
63.886	103.150
63.915	102.660
63.944	102.712
63.973	102.332
64.002	102.010
64.031	101.959
64.060	101.904
64.089	101.614
64.118	101.219
64.147	100.863
64.176	100.962
64.205	100.722
64.234	100.307
64.263	100.271
64.292	100.234
64.321	99.717
64.350	99.299
64.379	99.023
64.408	99.185
64.437	99.155
64.466	98.833
64.495	98.480
64.524	98.567
64.553	98.121
64.582	97.611
64.611	97.132
64.640	97.100
64.668	97.013
64.697	97.042
64.726	96.634
64.755	96.276
64.784	95.725
64.813	95.977
64.842	95.560
64.871	95.341
64.900	95.025
64.929	94.735
64.958	94.270
64.987	93.993
65.016	93.944
65.045	94.106
65.074	93.629
65.103	93.595
65.132	93.325
65.161	92.954
65.190	92.761
65.219	92.425
65.248	91.876
65.277	91.889
65.306	91.554
65.335	91.533
65.364	91.271
65.393	91.198
65.422	91.248
65.451	90.773
65.480	90.384
65.509	90.495
65.538	90.199
65.567	90.021
65.596	89.593
65.625	89.270
65.654	89.229
65.683	89.052
65.712	88.562
65.741	88.408
65.769	88.158
65.798	87.902
65.827	87.796
65.856	87.806
65.885	87.668
65.914	87.320
65.943	87.227
65.972	87.237
66.001	86.559
66.030	86.219
66.059	85.990
66.088	85.887
66.117	85.737
66.146	85.418
66.175	85.217
66.204	85.227
66.233	84.889
66.262	84.997
66.291	84.753
66.320	84.456
66.349	84.314
66.378	84.175
66.407	84.096
66.436	84.131
66.465	83.665
66.494	83.410
66.523	83.020
66.552	82.783
66.581	82.688
66.610	82.521
66.639	82.350
66.668	82.467
66.697	81.993
66.726	81.735
66.755	81.480
66.784	81.373
66.813	81.239
66.841	81.077
66.870	80.992
66.899	81.044
66.928	80.690
66.957	80.761
66.986	80.327
67.015	79.711
67.044	79.644
67.073	79.675
67.102	79.389
67.131	79.250
67.160	78.727
67.189	78.570
67.218	78.230
67.247	78.144
67.276	77.874
67.305	77.363
67.334	77.121
67.363	77.492
67.392	76.909
67.421	76.737
67.450	76.562
67.479	76.560
67.508	76.405
67.537	76.029
67.566	75.485
67.595	75.760
67.624	75.391
67.653	75.387
67.682	75.118
67.711	74.904
67.740	74.356
67.769	74.147
67.798	74.206
67.827	74.252
67.856	73.317
67.885	72.806
67.914	72.577
67.942	72.649
67.971	72.346
68.000	71.985
68.029	71.657
68.058	71.904
68.087	71.402
68.116	71.163
68.145	71.101
68.174	71.039
68.203	70.469
68.232	70.291
68.261	70.484
68.290	70.469
68.319	69.688
68.348	69.369
68.377	69.193
68.406	69.245
68.435	69.067
68.464	68.668
68.493	68.569
68.522	68.869
68.551	68.521
68.580	68.361
68.609	68.119
68.638	67.953
68.667	67.567
68.696	67.320
68.725	66.993
68.754	66.993
68.783	66.779
68.812	66.639
68.841	66.239
68.870	65.980
68.899	65.680
68.928	65.243
68.957	64.806
68.986	64.824
69.014	64.727
69.043	64.775
69.072	64.338
69.101	64.333
69.130	64.240
69.159	64.268
69.188	63.814
69.217	63.526
69.246	63.137
69.275	63.219
69.304	62.987
69.333	62.542
69.362	62.348
69.391	62.428
69.420	62.007
69.449	61.574
69.478	61.322
69.507	61.614
69.536	61.314
69.565	60.997
69.594	60.569
69.623	60.458
69.652	60.580
69.681	60.786
69.710	60.245
69.739	60.222
69.768	59.814
69.797	59.824
69.826	59.578
69.855	59.469
69.884	59.060
69.913	59.234
69.942	58.817
69.971	58.895
70.000	58.440
70.029	58.126
70.058	58.039
70.087	57.848
70.115	57.667
70.144	57.830
70.173	57.160
70.202	57.114
70.231	57.033
70.260	56.925
70.289	56.567
70.318	56.449
70.347	56.407
70.376	56.585
70.405	55.943
70.434	55.877
70.463	55.395
70.492	55.178
70.521	55.092
70.550	54.912
70.579	54.462
70.608	54.538
70.637	54.493
70.666	54.539
70.695	54.168
70.724	53.907
70.753	53.658
70.782	53.851
70.811	53.595
70.840	53.531
70.869	52.799
70.898	52.868
70.927	52.431
70.956	52.100
70.985	52.114
71.014	52.260
71.043	51.899
71.072	51.778
71.101	51.422
71.130	51.792
71.159	51.828
71.187	51.502
71.216	51.261
71.245	51.075
71.274	50.752
71.303	50.500
71.332	49.801
71.361	49.681
71.390	49.408
71.419	49.485
71.448	49.770
71.477	49.721
71.506	49.430
71.535	49.145
71.564	48.500
71.593	48.462
71.622	48.327
71.651	48.002
71.680	47.717
71.709	48.124
71.738	47.946
71.767	47.587
71.796	47.498
71.825	47.600
71.854	47.391
71.883	47.283
71.912	46.938
71.941	46.588
71.970	46.475
71.999	46.479
72.028	45.850
72.057	45.649
72.086	45.681
72.115	45.845
72.144	45.660
72.173	45.479
72.202	45.472
72.231	45.670
72.260	45.168
72.288	44.959
72.317	44.641
72.346	44.649
72.375	44.608
72.404	44.469
72.433	44.263
72.462	44.394
72.491	44.245
72.520	44.157
72.549	44.158
72.578	43.912
72.607	43.415
72.636	43.173
72.665	43.144
72.694	43.302
72.723	42.680
72.752	42.415
72.781	42.275
72.810	42.423
72.839	42.351
72.868	41.985
72.897	41.912
72.926	42.052
72.955	41.531
72.984	41.399
73.013	41.142
73.042	41.150
73.071	41.268
73.100	41.033
73.129	40.819
73.158	40.794
73.187	40.440
73.216	40.587
73.245	40.542
73.274	40.405
73.303	40.276
73.332	39.904
73.360	39.526
73.389	39.433
73.418	39.194
73.447	39.247
73.476	39.239
73.505	39.317
73.534	39.384
73.563	39.118
73.592	38.611
73.621	38.381
73.650	38.042
73.679	38.162
73.708	37.912
73.737	37.729
73.766	37.626
73.795	37.492
73.824	37.428
73.853	37.614
73.882	37.320
73.911	37.399
73.940	37.310
73.969	37.078
73.998	36.840
74.027	36.578
74.056	36.461
74.085	36.681
74.114	36.261
74.143	36.330
74.172	36.016
74.201	35.940
74.230	36.296
74.259	36.235
74.288	35.801
74.317	35.668
74.346	35.377
74.375	35.943
74.404	35.797
74.433	35.288
74.461	34.766
74.490	34.554
74.519	34.394
74.548	34.629
74.577	34.453
74.606	34.230
74.635	33.936
74.664	34.065
74.693	33.835
74.722	33.492
74.751	33.436
74.780	33.557
74.809	33.369
74.838	33.147
74.867	33.149
74.896	33.417
74.925	33.145
74.954	32.855
74.983	33.011
75.012	33.312
75.041	33.028
75.070	33.046
75.099	32.693
75.128	32.516
75.157	32.301
75.186	32.292
75.215	32.155
75.244	32.243
75.273	31.585
75.302	31.980
75.331	32.188
75.360	31.895
75.389	31.595
75.418	31.899
75.447	31.771
75.476	31.487
75.505	30.989
75.533	30.962
75.562	30.536
75.591	30.456
75.620	30.332
75.649	30.585
75.678	30.812
75.707	31.038
75.736	30.521
75.765	30.484
75.794	30.489
75.823	30.443
75.852	30.124
75.881	29.761
75.910	29.440
75.939	29.317
75.968	29.261
75.997	29.361
76.026	28.969
76.055	28.930
76.084	28.997
76.113	28.820
76.142	28.503
76.171	28.567
76.200	28.221
76.229	28.201
76.258	28.296
76.287	28.309
76.316	27.959
76.345	27.951
76.374	28.041
76.403	27.843
76.432	27.292
76.461	27.350
76.490	27.435
76.519	27.639
76.548	27.464
76.577	27.160
76.606	27.150
76.634	27.301
76.663	26.750
76.692	26.806
76.721	26.819
76.750	26.809
76.779	26.663
76.808	26.616
76.837	26.420
76.866	26.252
76.895	26.003
76.924	25.891
76.953	25.596
76.982	25.511
77.011	25.783
77.040	25.889
77.069	25.683
77.098	25.662
77.127	25.410
77.156	25.546
77.185	25.283
77.214	25.131
77.243	25.123
77.272	25.258
77.301	25.165
77.330	25.075
77.359	24.879
77.388	24.884
77.417	24.458
77.446	24.623
77.475	24.706
77.504	24.546
77.533	23.928
77.562	24.136
77.591	24.007
77.620	24.309
77.649	24.118
77.678	24.147
77.706	24.157
77.735	24.211
77.764	23.997
77.793	23.980
77.822	23.802
77.851	23.776
77.880	23.502
77.909	23.152
77.938	23.302
77.967	23.359
77.996	23.243
78.025	23.523
78.054	22.975
78.083	23.123
78.112	22.784
78.141	22.694
78.170	22.399
78.199	22.479
78.228	22.194
78.257	22.497
78.286	22.353
78.315	22.431
78.344	22.595
78.373	22.956
78.402	22.420
78.431	21.833
78.460	21.575
78.489	21.489
78.518	21.296
78.547	21.199
78.576	21.026
78.605	21.109
78.634	21.190
78.663	21.154
78.692	20.915
78.721	21.113
78.750	21.025
78.779	20.843
78.807	20.510
78.836	20.358
78.865	20.216
78.894	20.095
78.923	19.863
78.952	20.333
78.981	20.046
79.010	20.322
79.039	20.162
79.068	20.038
79.097	20.144
79.126	19.861
79.155	19.199
79.184	19.454
79.213	19.475
79.242	19.353
79.271	18.989
79.300	18.993
79.329	19.067
79.358	19.471
79.387	19.212
79.416	19.160
79.445	18.755
79.474	18.838
79.503	18.531
79.532	18.155
79.561	18.144
79.590	18.475
79.619	18.641
79.648	18.722
79.677	18.111
79.706	18.283
79.735	18.031
79.764	18.108
79.793	17.817
79.822	17.827
79.851	17.394
79.879	17.338
79.908	17.304
79.937	17.887
79.966	17.245
79.995	16.900
80.024	17.410
80.053	18.096
80.082	17.722
80.111	17.449
80.140	17.237
80.169	17.632
80.198	17.157
80.227	16.747
80.256	16.891
80.285	16.933
80.314	16.704
80.343	16.719
80.372	16.462
80.401	16.525
80.430	16.399
80.459	16.609
80.488	16.804
80.517	16.904
80.546	16.552
80.575	16.529
80.604	16.307
80.633	16.433
80.662	16.263
80.691	16.286
80.720	15.933
80.749	16.038
80.778	16.141
80.807	16.673
80.836	15.987
80.865	15.748
80.894	15.345
80.923	15.784
80.952	16.131
80.980	16.106
81.009	15.609
81.038	15.596
81.067	15.454
81.096	15.923
81.125	15.789
81.154	15.433
81.183	15.464
81.212	15.456
81.241	15.123
81.270	15.034
81.299	14.806
81.328	14.874
81.357	14.786
81.386	14.590
81.415	14.804
81.444	14.884
81.473	14.742
81.502	14.802
81.531	14.740
81.560	14.806
81.589	14.863
81.618	14.915
81.647	14.611
81.676	14.261
81.705	13.948
81.734	14.212
81.763	13.998
81.792	14.152
81.821	14.435
81.850	14.708
81.879	14.466
81.908	14.203
81.937	14.018
81.966	13.992
81.995	13.732
82.024	14.011
82.052	13.708
82.081	13.734
82.110	13.804
82.139	13.775
82.168	13.871
82.197	13.846
82.226	13.392
82.255	13.632
82.284	13.949
82.313	13.949
82.342	13.487
82.371	13.145
82.400	13.031
82.429	13.109
82.458	12.771
82.487	13.167
82.516	13.193
82.545	13.255
82.574	13.351
82.603	13.232
82.632	13.141
82.661	12.979
82.690	12.528
82.719	12.905
82.748	12.931
82.777	12.804
82.806	12.757
82.835	12.683
82.864	12.601
82.893	12.629
82.922	12.500
82.951	12.770
82.980	12.886
83.009	12.703
83.038	12.283
83.067	12.273
83.096	12.271
83.125	12.273
83.153	11.987
83.182	11.953
83.211	11.891
83.240	11.734
83.269	12.020
83.298	12.489
83.327	12.173
83.356	11.958
83.385	11.933
83.414	12.291
83.443	12.194
83.472	11.900
83.501	11.621
83.530	11.472
83.559	11.276
83.588	11.315
83.617	11.539
83.646	11.863
83.675	11.977
83.704	11.621
83.733	11.634
83.762	11.917
83.791	11.799
83.820	11.565
83.849	11.127
83.878	11.150
83.907	11.299
83.936	11.453
83.965	11.451
83.994	11.294
84.023	11.150
84.052	11.356
84.081	11.328
84.110	11.315
84.139	11.098
84.168	10.959
84.197	11.049
84.225	11.327
84.254	11.306
84.283	11.170
84.312	10.824
84.341	10.825
84.370	10.842
84.399	10.943
84.428	10.676
84.457	10.500
84.486	10.526
84.515	10.673
84.544	10.386
84.573	10.359
84.602	10.364
84.631	10.441
84.660	10.462
84.689	10.261
84.718	10.229
84.747	10.618
84.776	10.464
84.805	9.995
84.834	9.562
84.863	9.668
84.892	10.137
84.921	10.343
84.950	10.389
84.979	10.325
85.008	10.018
85.037	10.309
85.066	10.242
85.095	9.959
85.124	9.879
85.153	9.982
85.182	9.902
85.211	9.799
85.240	9.565
85.269	9.797
85.298	10.036
85.326	9.913
85.355	9.729
85.384	9.444
85.413	9.621
85.442	10.015
85.471	9.606
85.500	9.441
85.529	9.490
85.558	9.676
85.587	9.590
85.616	9.369
85.645	9.235
85.674	9.404
85.703	9.235
85.732	9.503
85.761	9.801
85.790	9.565
85.819	9.123
85.848	8.966
85.877	8.910
85.906	9.013
85.935	9.183
85.964	8.980
85.993	9.005
86.022	9.123
86.051	9.157
86.080	9.074
86.109	8.735
86.138	8.542
86.167	8.765
86.196	8.933
86.225	8.855
86.254	8.649
86.283	8.812
86.312	9.015
86.341	8.858
86.370	8.614
86.398	8.395
86.427	8.554
86.456	8.587
86.485	8.614
86.514	8.433
86.543	8.183
86.572	8.240
86.601	8.364
86.630	7.959
86.659	8.049
86.688	8.021
86.717	8.121
86.746	8.325
86.775	8.412
86.804	8.356
86.833	8.379
86.862	8.173
86.891	8.319
86.920	8.064
86.949	7.899
86.978	7.861
87.007	8.052
87.036	8.007
87.065	7.859
87.094	7.534
87.123	7.838
87.152	8.157
87.181	8.082
87.210	7.693
87.239	7.562
87.268	7.673
87.297	7.936
87.326	7.724
87.355	7.686
87.384	7.546
87.413	7.557
87.442	7.663
87.471	7.670
87.499	7.557
87.528	7.484
87.557	7.466
87.586	7.786
87.615	7.518
87.644	7.217
87.673	7.092
87.702	7.232
87.731	7.353
87.760	7.361
87.789	7.219
87.818	7.484
87.847	7.304
87.876	7.216
87.905	6.891
87.934	6.760
87.963	7.224
87.992	7.520
88.021	7.093
88.050	6.972
88.079	6.781
88.108	6.729
88.137	6.662
88.166	6.557
88.195	6.560
88.224	6.658
88.253	6.794
88.282	7.008
88.311	6.974
88.340	6.578
88.369	6.444
88.398	6.609
88.427	6.595
88.456	6.489
88.485	6.185
88.514	6.248
88.543	6.278
88.571	6.132
88.600	6.137
88.629	6.482
88.658	6.614
88.687	6.477
88.716	6.093
88.745	6.327
88.774	6.542
88.803	6.462
88.832	6.168
88.861	6.047
88.890	6.168
88.919	6.263
88.948	6.276
88.977	6.314
89.006	6.554
89.035	6.306
89.064	5.851
89.093	6.062
89.122	6.459
89.151	6.560
89.180	5.851
89.209	5.778
89.238	5.753
89.267	5.840
89.296	5.931
89.325	5.977
89.354	5.980
89.383	6.093
89.412	5.972
89.441	5.830
89.470	5.554
89.499	5.554
89.528	5.680
89.557	5.722
89.586	5.792
89.615	5.802
89.644	5.814
89.672	6.002
89.701	6.088
89.730	5.845
89.759	5.676
89.788	5.637
89.817	5.592
89.846	5.565
89.875	5.145
89.904	5.448
89.933	5.770
89.962	5.761
89.991	5.495
90.020	5.358
90.049	5.322
90.078	5.292
90.107	5.227
90.136	5.332
90.165	5.472
90.194	5.350
90.223	5.152
90.252	5.382
90.281	5.500
90.310	5.335
90.339	4.850
90.368	5.196
90.397	5.307
90.426	5.034
90.455	4.817
90.484	5.060
90.513	5.025
90.542	4.810
90.571	4.479
90.600	4.230
90.629	4.480
90.658	4.802
90.687	4.843
90.716	4.982
90.744	5.288
90.773	5.129
90.802	4.962
90.831	4.993
90.860	4.832
90.889	4.626
90.918	4.598
90.947	4.704
90.976	4.755
91.005	4.755
91.034	4.603
91.063	4.644
91.092	4.743
91.121	4.680
91.150	4.356
91.179	4.212
91.208	4.394
91.237	4.464
91.266	4.611
91.295	4.953
91.324	4.897
91.353	4.735
91.382	4.698
91.411	4.593
91.440	4.353
91.469	4.453
91.498	4.095
91.527	4.139
91.556	4.417
91.585	4.609
91.614	4.423
91.643	4.284
91.672	4.212
91.701	4.224
91.730	4.031
91.759	4.049
91.788	4.361
91.817	4.658
91.845	4.593
91.874	4.319
91.903	4.417
91.932	4.652
91.961	4.408
91.990	4.121
92.019	3.897
92.048	3.822
92.077	3.856
92.106	3.895
92.135	3.944
92.164	3.922
92.193	3.930
92.222	4.194
92.251	4.459
92.280	4.328
92.309	4.109
92.338	4.170
92.367	4.162
92.396	4.123
92.425	4.015
92.454	4.025
92.483	4.039
92.512	3.868
92.541	3.944
92.570	4.283
92.599	4.382
92.628	4.230
92.657	4.121
92.686	4.276
92.715	3.928
92.744	3.791
92.773	3.755
92.802	3.859
92.831	4.021
92.860	3.678
92.889	3.621
92.917	3.817
92.946	4.129
92.975	3.959
93.004	3.627
93.033	3.657
93.062	3.855
93.091	3.954
93.120	3.694
93.149	3.804
93.178	3.781
93.207	3.810
93.236	3.920
93.265	3.958
93.294	4.008
93.323	3.967
93.352	3.851
93.381	3.866
93.410	3.794
93.439	3.936
93.468	3.899
93.497	3.886
93.526	3.814
93.555	3.629
93.584	3.407
93.613	3.904
93.642	3.967
93.671	3.806
93.700	3.649
93.729	3.663
93.758	3.665
93.787	3.482
93.816	3.601
93.845	3.619
93.874	3.472
93.903	3.458
93.932	3.547
93.961	3.714
93.990	3.810
94.018	3.541
94.047	3.371
94.076	3.531
94.105	3.605
94.134	3.531
94.163	3.577
94.192	3.768
94.221	3.755
94.250	3.699
94.279	3.456
94.308	3.335
94.337	3.479
94.366	3.542
94.395	3.373
94.424	3.562
94.453	3.779
94.482	3.647
94.511	3.340
94.540	3.466
94.569	3.477
94.598	3.410
94.627	3.332
94.656	3.495
94.685	3.582
94.714	3.250
94.743	2.922
94.772	2.958
94.801	2.918
94.830	2.946
94.859	3.178
94.888	3.346
94.917	3.363
94.946	3.297
94.975	2.969
95.004	3.126
95.033	3.449
95.062	3.420
95.090	3.083
95.119	3.137
95.148	3.265
95.177	3.054
95.206	2.990
95.235	3.273
95.264	3.538
95.293	3.302
95.322	3.052
95.351	3.172
95.380	3.119
95.409	3.051
95.438	2.886
95.467	2.783
95.496	2.917
95.525	3.131
95.554	2.954
95.583	2.905
95.612	2.985
95.641	3.088
95.670	3.056
95.699	2.959
95.728	3.016
95.757	3.082
95.786	3.064
95.815	2.913
95.844	2.797
95.873	3.002
95.902	2.931
95.931	3.279
95.960	3.446
95.989	3.059
96.018	2.833
96.047	2.802
96.076	2.866
96.105	2.879
96.134	2.699
96.163	2.792
96.191	2.977
96.220	3.013
96.249	2.861
96.278	3.016
96.307	3.101
96.336	2.920
96.365	3.007
96.394	3.142
96.423	3.096
96.452	2.807
96.481	2.716
96.510	3.034
96.539	3.023
96.568	2.946
96.597	2.763
96.626	2.828
96.655	2.915
96.684	2.820
96.713	2.851
96.742	2.881
96.771	2.828
96.800	2.732
96.829	2.830
96.858	2.742
96.887	2.706
96.916	2.747
96.945	2.838
96.974	2.910
97.003	2.895
97.032	3.003
97.061	2.763
97.090	2.714
97.119	2.758
97.148	2.830
97.177	2.797
97.206	2.658
97.235	2.505
97.263	2.467
97.292	2.727
97.321	2.807
97.350	2.792
97.379	2.755
97.408	2.822
97.437	2.940
97.466	2.846
97.495	2.824
97.524	2.748
97.553	2.786
97.582	2.701
97.611	2.542
97.640	2.680
97.669	2.886
97.698	2.931
97.727	3.057
97.756	2.763
97.785	2.752
97.814	2.855
97.843	2.743
97.872	2.611
97.901	2.587
97.930	2.770
97.959	2.850
97.988	2.600
98.017	2.701
98.046	2.776
98.075	2.822
98.104	2.825
98.133	2.936
98.162	3.105
98.191	3.203
98.220	2.846
98.249	2.748
98.278	2.560
98.307	2.507
98.336	2.655
98.364	2.770
98.393	2.864
98.422	2.815
98.451	2.603
98.480	2.766
98.509	2.989
98.538	2.846
98.567	2.830
98.596	3.070
98.625	3.070
98.654	2.699
98.683	2.693
98.712	2.985
98.741	3.038
98.770	2.765
98.799	2.796
98.828	2.933
98.857	3.046
98.886	3.075
98.915	2.660
98.944	2.840
98.973	3.057
99.002	2.920
99.031	2.747
99.060	2.706
99.089	2.949
99.118	3.026
99.147	2.899
99.176	2.915
99.205	3.064
99.234	3.026
99.263	2.843
99.292	2.740
99.321	2.722
99.350	2.719
99.379	2.725
99.408	2.758
99.437	2.703
99.465	2.703
99.494	2.807
99.523	2.904
99.552	2.830
99.581	2.815
99.610	2.654
99.639	2.851
99.668	3.078
99.697	3.034
99.726	2.673
99.755	2.822
99.784	2.789
99.813	2.743
99.842	2.711
99.871	2.502
99.900	2.608
99.929	2.783
99.958	2.912
99.987	3.108
100.016	3.074
100.045	3.029
100.074	3.020
100.103	3.208
100.132	3.021
100.161	2.704
100.190	2.616
100.219	2.819
100.248	2.851
100.277	2.995
100.306	2.779
100.335	2.727
100.364	2.752
100.393	2.730
100.422	2.570
100.451	2.565
100.480	2.904
100.509	3.049
100.537	3.046
100.566	2.833
100.595	2.554
100.624	2.408
100.653	2.560
100.682	2.721
100.711	2.672
100.740	2.603
100.769	2.422
100.798	2.639
100.827	2.944
100.856	2.822
100.885	2.575
100.914	2.765
100.943	2.913
100.972	2.727
101.001	2.544
101.030	2.588
101.059	2.624
101.088	2.624
101.117	2.724
101.146	2.866
101.175	2.874
101.204	2.837
101.233	2.654
101.262	2.549
101.291	2.405
101.320	2.237
101.349	2.206
101.378	2.180
101.407	2.255
101.436	2.426
101.465	2.554
101.494	2.681
101.523	2.658
101.552	2.621
101.581	2.572
101.609	2.480
101.638	2.461
101.667	2.297
101.696	2.219
101.725	2.211
101.754	2.426
101.783	2.531
101.812	2.560
101.841	2.654
101.870	2.556
101.899	2.570
101.928	2.408
101.957	2.451
101.986	2.469
102.015	2.415
102.044	2.364
102.073	2.358
102.102	2.544
102.131	2.523
102.160	2.180
102.189	2.157
102.218	2.134
102.247	2.270
102.276	2.291
102.305	2.283
102.334	2.250
102.363	2.309
