0.000	1.749
0.027	1.897
0.055	1.797
0.082	1.661
0.109	1.777
0.137	2.078
0.164	2.111
0.191	2.047
0.218	1.706
0.246	2.002
0.273	2.147
0.300	1.947
0.328	1.840
0.355	2.056
0.382	2.073
0.410	1.955
0.437	1.859
0.464	1.979
0.492	1.919
0.519	1.877
0.546	2.005
0.574	2.047
0.601	2.053
0.628	2.027
0.655	1.784
0.683	1.896
0.710	2.053
0.737	1.880
0.765	1.794
0.792	2.171
0.819	2.225
0.847	1.981
0.874	1.712
0.901	2.366
0.929	2.763
0.956	2.683
0.983	2.302
1.011	2.163
1.038	2.111
1.065	2.083
1.092	1.956
1.120	2.234
1.147	2.414
1.174	2.203
1.202	2.223
1.229	2.359
1.256	2.377
1.284	2.381
1.311	2.162
1.338	2.266
1.366	2.361
1.393	2.201
1.420	2.176
1.448	2.322
1.475	2.337
1.502	2.316
1.529	2.208
1.557	2.476
1.584	2.300
1.611	2.251
1.639	2.226
1.666	2.531
1.693	2.824
1.721	2.709
1.748	2.229
1.775	2.309
1.803	2.407
1.830	2.300
1.857	2.172
1.885	2.481
1.912	2.494
1.939	2.435
1.966	2.388
1.994	2.488
2.021	2.571
2.048	2.553
2.076	2.455
2.103	2.399
2.130	2.454
2.158	2.551
2.185	2.324
2.212	2.737
2.240	2.775
2.267	2.425
2.294	2.392
2.322	2.781
2.349	2.906
2.376	2.656
2.403	2.375
2.431	2.684
2.458	2.902
2.485	2.777
2.513	2.580
2.540	2.931
2.567	3.345
2.595	3.157
2.622	2.582
2.649	2.659
2.677	2.980
2.704	2.925
2.731	2.612
2.759	2.616
2.786	2.755
2.813	2.661
2.840	2.551
2.868	2.933
2.895	2.874
2.922	2.766
2.950	3.161
2.977	3.199
3.004	2.765
3.032	2.741
3.059	2.726
3.086	2.986
3.114	2.941
3.141	2.656
3.168	2.722
3.196	3.035
3.223	3.019
3.250	2.911
3.277	2.632
3.305	2.718
3.332	2.760
3.359	2.764
3.387	2.703
3.414	2.720
3.441	2.851
3.469	3.160
3.496	2.906
3.523	2.965
3.551	2.961
3.578	2.770
3.605	2.866
3.633	3.154
3.660	2.976
3.687	2.694
3.714	2.571
3.742	2.921
3.769	3.119
3.796	3.029
3.824	2.757
3.851	2.823
3.878	2.928
3.906	2.887
3.933	2.575
3.960	2.684
3.988	2.858
4.015	2.944
4.042	2.887
4.070	2.890
4.097	2.786
4.124	2.810
4.151	2.808
4.179	2.947
4.206	2.839
4.233	2.756
4.261	2.823
4.288	3.198
4.315	3.365
4.343	2.979
4.370	2.972
4.397	3.069
4.425	3.056
4.452	2.965
4.479	2.951
4.507	3.066
4.534	2.951
4.561	2.698
4.588	2.694
4.616	3.149
4.643	3.455
4.670	3.122
4.698	2.851
4.725	2.885
4.752	2.920
4.780	3.031
4.807	2.941
4.834	3.257
4.862	3.288
4.889	2.920
4.916	2.795
4.944	3.163
4.971	3.306
4.998	2.792
5.025	2.590
5.053	3.104
5.080	3.403
5.107	3.059
5.135	2.972
5.162	3.142
5.189	3.073
5.217	3.083
5.244	3.035
5.271	3.191
5.299	3.038
5.326	2.684
5.353	2.683
5.381	3.041
5.408	3.148
5.435	2.922
5.462	2.861
5.490	3.285
5.517	3.552
5.544	3.212
5.572	2.941
5.599	3.260
5.626	3.340
5.654	3.326
5.681	2.559
5.708	2.965
5.736	3.306
5.763	3.139
5.790	2.910
5.818	3.115
5.845	3.292
5.872	3.174
5.899	2.815
5.927	3.072
5.954	3.116
5.981	3.455
6.009	3.501
6.036	3.144
6.063	3.124
6.091	3.262
6.118	3.007
6.145	3.013
6.173	3.258
6.200	3.343
6.227	3.164
6.254	3.201
6.282	3.301
6.309	3.106
6.336	3.156
6.364	3.549
6.391	3.281
6.418	2.955
6.446	3.101
6.473	3.323
6.500	3.388
6.528	3.218
6.555	3.075
6.582	3.259
6.610	3.385
6.637	3.274
6.664	3.264
6.691	3.451
6.719	3.545
6.746	3.625
6.773	3.409
6.801	3.395
6.828	3.227
6.855	3.132
6.883	3.222
6.910	3.417
6.937	3.729
6.965	3.802
6.992	3.481
7.019	3.399
7.047	3.464
7.074	3.532
7.101	3.451
7.128	3.385
7.156	3.466
7.183	3.547
7.210	3.402
7.238	3.274
7.265	3.419
7.292	3.674
7.320	3.642
7.347	3.653
7.374	3.748
7.402	3.669
7.429	3.154
7.456	3.410
7.484	3.744
7.511	3.718
7.538	3.486
7.565	3.559
7.593	3.682
7.620	3.603
7.647	3.280
7.675	3.664
7.702	3.855
7.729	3.784
7.757	3.662
7.784	3.867
7.811	4.044
7.839	3.706
7.866	3.376
7.893	3.495
7.921	3.703
7.948	3.654
7.975	3.396
8.002	3.208
8.030	3.519
8.057	3.644
8.084	3.400
8.112	3.457
8.139	3.690
8.166	3.749
8.194	3.595
8.221	3.488
8.248	3.507
8.276	3.468
8.303	3.733
8.330	3.993
8.358	3.903
8.385	3.846
8.412	3.853
8.439	3.997
8.467	3.855
8.494	3.692
8.521	3.675
8.549	3.968
8.576	4.071
8.603	3.763
8.631	3.588
8.658	3.784
8.685	3.917
8.713	3.958
8.740	3.921
8.767	3.938
8.795	3.824
8.822	3.745
8.849	3.785
8.876	3.866
8.904	4.222
8.931	4.356
8.958	3.867
8.986	3.911
9.013	4.066
9.040	4.119
9.068	4.102
9.095	4.015
9.122	3.926
9.150	4.064
9.177	3.942
9.204	3.917
9.232	3.990
9.259	4.017
9.286	4.080
9.313	4.150
9.341	4.111
9.368	4.056
9.395	3.852
9.423	4.461
9.450	4.418
9.477	4.042
9.505	3.873
9.532	3.998
9.559	3.914
9.587	3.951
9.614	3.863
9.641	4.193
9.669	4.095
9.696	3.924
9.723	3.888
9.750	4.080
9.778	4.278
9.805	4.370
9.832	3.851
9.860	4.127
9.887	4.329
9.914	4.265
9.942	3.872
9.969	3.836
9.996	3.943
10.024	4.137
10.051	4.179
10.078	4.606
10.106	4.549
10.133	4.087
10.160	4.190
10.187	4.362
10.215	4.140
10.242	3.997
10.269	3.919
10.297	4.003
10.324	4.007
10.351	4.047
10.379	4.206
10.406	4.355
10.433	4.213
10.461	4.189
10.488	4.041
10.515	4.066
10.543	4.071
10.570	4.140
10.597	4.082
10.624	4.175
10.652	4.478
10.679	4.512
10.706	4.241
10.734	4.503
10.761	4.436
10.788	4.053
10.816	4.076
10.843	4.403
10.870	4.495
10.898	4.476
10.925	4.314
10.952	4.731
10.980	4.696
11.007	4.194
11.034	3.920
11.061	4.314
11.089	4.494
11.116	4.204
11.143	4.104
11.171	4.468
11.198	4.637
11.225	4.501
11.253	4.403
11.280	4.329
11.307	4.323
11.335	4.468
11.362	4.323
11.389	4.595
11.417	4.877
11.444	4.660
11.471	4.257
11.498	4.363
11.526	4.575
11.553	4.630
11.580	4.490
11.608	4.751
11.635	4.729
11.662	4.513
11.690	4.264
11.717	4.340
11.744	4.566
11.772	4.620
11.799	4.546
11.826	4.747
11.854	5.017
11.881	4.734
11.908	4.472
11.935	4.558
11.963	4.778
11.990	4.840
12.017	4.669
12.045	4.541
12.072	4.676
12.099	4.833
12.127	4.887
12.154	4.837
12.181	4.856
12.209	4.874
12.236	4.794
12.263	4.910
12.290	5.022
12.318	4.752
12.345	4.711
12.372	4.876
12.400	4.815
12.427	4.911
12.454	4.734
12.482	4.838
12.509	4.971
12.536	4.977
12.564	4.947
12.591	5.241
12.618	5.552
12.646	5.396
12.673	4.808
12.700	5.079
12.727	5.336
12.755	5.089
12.782	4.942
12.809	5.047
12.837	5.100
12.864	5.164
12.891	5.270
12.919	5.296
12.946	5.091
12.973	4.866
13.001	5.083
13.028	5.574
13.055	5.294
13.083	5.321
13.110	5.199
13.137	5.400
13.164	5.240
13.192	5.317
13.219	5.453
13.246	5.262
13.274	5.122
13.301	5.407
13.328	5.422
13.356	5.263
13.383	5.199
13.410	5.251
13.438	5.352
13.465	5.287
13.492	5.338
13.520	5.361
13.547	5.536
13.574	5.490
13.601	5.510
13.629	5.236
13.656	5.319
13.683	5.833
13.711	5.883
13.738	5.771
13.765	5.735
13.793	6.013
13.820	5.894
13.847	5.560
13.875	5.500
13.902	5.497
13.929	5.571
13.957	5.709
13.984	5.664
14.011	5.557
14.038	5.712
14.066	5.956
14.093	6.270
14.120	6.322
14.148	6.094
14.175	5.706
14.202	5.787
14.230	5.986
14.257	5.831
14.284	5.856
14.312	5.858
14.339	6.073
14.366	6.219
14.394	6.150
14.421	5.806
14.448	5.762
14.475	6.008
14.503	6.090
14.530	6.091
14.557	6.397
14.585	6.300
14.612	6.273
14.639	6.128
14.667	6.148
14.694	6.250
14.721	6.442
14.749	6.389
14.776	6.354
14.803	6.250
14.831	6.300
14.858	6.233
14.885	6.279
14.912	6.049
14.940	6.382
14.967	6.881
14.994	7.079
15.022	6.789
15.049	6.528
15.076	6.604
15.104	7.039
15.131	7.039
15.158	6.661
15.186	6.487
15.213	6.980
15.240	7.206
15.268	7.100
15.295	6.876
15.322	6.926
15.349	6.876
15.377	6.863
15.404	6.947
15.431	6.993
15.459	7.044
15.486	7.067
15.513	7.029
15.541	7.277
15.568	7.471
15.595	7.277
15.623	7.159
15.650	7.251
15.677	7.184
15.705	7.203
15.732	7.112
15.759	7.236
15.786	7.119
15.814	7.228
15.841	7.669
15.868	7.528
15.896	7.093
15.923	7.311
15.950	7.657
15.978	7.478
16.005	7.188
16.032	7.547
16.060	8.059
16.087	7.863
16.114	7.697
16.142	7.844
16.169	7.689
16.196	7.604
16.223	7.442
16.251	7.994
16.278	7.859
16.305	7.826
16.333	8.057
16.360	8.120
16.387	7.810
16.415	7.866
16.442	8.199
16.469	8.270
16.497	7.975
16.524	7.744
16.551	7.839
16.579	8.223
16.606	8.186
16.633	8.240
16.660	8.184
16.688	8.153
16.715	8.122
16.742	7.962
16.770	8.057
16.797	8.324
16.824	8.624
16.852	8.735
16.879	8.459
16.906	8.311
16.934	8.535
16.961	8.579
16.988	8.326
17.016	8.354
17.043	8.363
17.070	8.755
17.097	8.949
17.125	8.664
17.152	8.490
17.179	8.764
17.207	9.044
17.234	8.884
17.261	8.550
17.289	8.593
17.316	8.557
17.343	8.668
17.371	8.627
17.398	8.859
17.425	8.981
17.453	9.020
17.480	8.716
17.507	9.319
17.534	9.337
17.562	9.022
17.589	9.117
17.616	9.024
17.644	8.957
17.671	9.108
17.698	8.999
17.726	9.309
17.753	8.939
17.780	8.913
17.808	9.338
17.835	9.329
17.862	8.973
17.889	8.984
17.917	8.980
17.944	9.219
17.971	9.506
17.999	9.564
18.026	9.277
18.053	9.264
18.081	9.500
18.108	9.564
18.135	9.252
18.163	9.365
18.190	9.774
18.217	9.661
18.245	9.515
18.272	9.785
18.299	10.064
18.326	10.145
18.354	9.808
18.381	10.023
18.408	10.311
18.436	10.066
18.463	9.624
18.490	9.626
18.518	9.792
18.545	9.943
18.572	9.866
18.600	10.104
18.627	9.947
18.654	10.042
18.682	10.377
18.709	10.411
18.736	10.376
18.763	10.575
18.791	10.362
18.818	10.675
18.845	10.641
18.873	10.561
18.900	10.848
18.927	10.780
18.955	10.691
18.982	10.843
19.009	10.863
19.037	11.370
19.064	11.221
19.091	10.829
19.119	10.914
19.146	11.059
19.173	11.308
19.200	11.535
19.228	11.318
19.255	11.594
19.282	11.425
19.310	11.497
19.337	11.693
19.364	11.741
19.392	11.641
19.419	11.696
19.446	11.181
19.474	11.632
19.501	12.204
19.528	12.420
19.556	11.544
19.583	11.329
19.610	11.696
19.637	12.105
19.665	11.590
19.692	11.722
19.719	12.079
19.747	12.086
19.774	12.041
19.801	12.413
19.829	12.307
19.856	12.222
19.883	12.351
19.911	12.480
19.938	12.343
19.965	12.228
19.993	12.468
20.020	13.059
20.047	12.980
20.074	12.778
20.102	12.466
20.129	12.716
20.156	12.712
20.184	12.454
20.211	12.530
20.238	13.088
20.266	13.341
20.293	13.153
20.320	12.815
20.348	13.258
20.375	13.428
20.402	13.411
20.430	13.221
20.457	13.029
20.484	13.201
20.511	13.872
20.539	13.603
20.566	13.297
20.593	13.275
20.621	13.532
20.648	13.644
20.675	13.789
20.703	13.457
20.730	13.491
20.757	13.752
20.785	14.148
20.812	13.806
20.839	13.773
20.867	14.036
20.894	14.265
20.921	13.951
20.948	14.016
20.976	14.103
21.003	14.396
21.030	14.196
21.058	14.299
21.085	14.403
21.112	14.166
21.140	13.811
21.167	13.962
21.194	14.286
21.222	14.730
21.249	14.390
21.276	14.530
21.304	14.678
21.331	14.870
21.358	14.781
21.385	14.755
21.413	14.670
21.440	14.832
21.467	14.696
21.495	14.763
21.522	14.963
21.549	15.204
21.577	15.272
21.604	15.226
21.631	15.251
21.659	15.770
21.686	15.760
21.713	15.559
21.741	15.148
21.768	15.237
21.795	15.575
21.822	15.779
21.850	15.142
21.877	15.140
21.904	15.663
21.932	16.016
21.959	15.822
21.986	15.773
22.014	15.997
22.041	16.204
22.068	16.001
22.096	16.001
22.123	15.744
22.150	15.987
22.178	16.163
22.205	16.591
22.232	16.521
22.259	16.273
22.287	16.039
22.314	16.498
22.341	16.928
22.369	16.831
22.396	16.685
22.423	16.603
22.451	16.411
22.478	16.932
22.505	16.899
22.533	17.010
22.560	16.850
22.587	17.051
22.615	17.177
22.642	17.193
22.669	17.249
22.696	17.465
22.724	17.427
22.751	17.434
22.778	17.362
22.806	17.655
22.833	17.679
22.860	17.639
22.888	17.818
22.915	17.875
22.942	17.839
22.970	18.223
22.997	18.176
23.024	18.171
23.052	18.219
23.079	18.223
23.106	18.213
23.133	18.454
23.161	18.207
23.188	18.363
23.215	18.347
23.243	18.436
23.270	18.830
23.297	18.844
23.325	18.675
23.352	18.921
23.379	18.872
23.407	19.285
23.434	19.237
23.461	19.255
23.489	19.500
23.516	19.557
23.543	19.649
23.570	19.705
23.598	19.340
23.625	19.390
23.652	19.575
23.680	19.792
23.707	20.155
23.734	20.270
23.762	19.947
23.789	20.118
23.816	20.108
23.844	20.182
23.871	19.983
23.898	20.044
23.925	20.133
23.953	20.375
23.980	20.572
24.007	20.918
24.035	20.755
24.062	20.837
24.089	20.753
24.117	20.631
24.144	20.969
24.171	21.252
24.199	21.329
24.226	21.453
24.253	21.172
24.281	21.478
24.308	21.738
24.335	21.503
24.362	20.959
24.390	20.976
24.417	21.576
24.444	21.785
24.472	21.648
24.499	21.928
24.526	22.038
24.554	22.353
24.581	22.138
24.608	22.100
24.636	22.247
24.663	22.510
24.690	22.213
24.718	21.984
24.745	22.185
24.772	22.612
24.799	22.475
24.827	22.383
24.854	22.603
24.881	22.998
24.909	22.403
24.936	22.513
24.963	22.644
24.991	22.705
25.018	22.501
25.045	22.597
25.073	22.955
25.100	23.233
25.127	23.123
25.155	23.116
25.182	23.161
25.209	23.356
25.236	23.311
25.264	23.241
25.291	23.333
25.318	23.376
25.346	23.641
25.373	23.885
25.400	23.709
25.428	23.667
25.455	24.140
25.482	24.006
25.510	23.860
25.537	24.244
25.564	24.223
25.592	24.281
25.619	24.266
25.646	24.495
25.673	24.545
25.701	24.292
25.728	24.324
25.755	24.686
25.783	24.854
25.810	24.807
25.837	24.907
25.865	25.112
25.892	25.154
25.919	25.249
25.947	25.451
25.974	25.494
26.001	25.480
26.029	25.615
26.056	25.671
26.083	25.875
26.110	26.009
26.138	25.935
26.165	25.978
26.192	26.039
26.220	26.466
26.247	26.728
26.274	26.484
26.302	26.347
26.329	26.743
26.356	27.051
26.384	26.769
26.411	26.734
26.438	26.933
26.466	27.426
26.493	27.245
26.520	27.113
26.547	27.228
26.575	27.707
26.602	27.981
26.629	28.061
26.657	27.847
26.684	28.339
26.711	28.314
26.739	28.441
26.766	28.304
26.793	28.075
26.821	28.124
26.848	28.579
26.875	28.692
26.903	29.072
26.930	28.876
26.957	28.781
26.984	29.056
27.012	29.249
27.039	29.154
27.066	29.396
27.094	29.297
27.121	29.830
27.148	29.899
27.176	29.859
27.203	30.045
27.230	29.903
27.258	29.770
27.285	30.192
27.312	29.917
27.340	30.006
27.367	30.300
27.394	30.461
27.421	30.735
27.449	30.861
27.476	30.846
27.503	31.152
27.531	31.251
27.558	31.285
27.585	31.427
27.613	31.595
27.640	31.649
27.667	31.899
27.695	31.911
27.722	31.994
27.749	31.823
27.777	32.005
27.804	32.420
27.831	32.514
27.858	32.260
27.886	32.398
27.913	32.634
27.940	33.010
27.968	32.672
27.995	32.659
28.022	32.921
28.050	33.316
28.077	33.598
28.104	33.030
28.132	32.544
28.159	32.951
28.186	33.668
28.214	33.785
28.241	33.575
28.268	33.787
28.295	34.059
28.323	33.921
28.350	34.091
28.377	34.486
28.405	34.525
28.432	34.378
28.459	34.519
28.487	34.896
28.514	35.110
28.541	34.979
28.569	34.961
28.596	35.031
28.623	35.352
28.651	35.583
28.678	35.421
28.705	35.456
28.732	36.072
28.760	36.090
28.787	35.980
28.814	36.273
28.842	36.488
28.869	36.560
28.896	36.645
28.924	36.760
28.951	37.050
28.978	37.243
29.006	37.068
29.033	36.921
29.060	37.103
29.088	37.297
29.115	37.574
29.142	37.882
29.169	37.868
29.197	37.737
29.224	38.010
29.251	38.573
29.279	38.666
29.306	38.774
29.333	38.689
29.361	38.959
29.388	39.348
29.415	39.356
29.443	39.400
29.470	39.767
29.497	39.922
29.525	39.887
29.552	39.824
29.579	40.010
29.606	40.252
29.634	40.071
29.661	40.182
29.688	40.611
29.716	40.762
29.743	40.782
29.770	40.887
29.798	41.120
29.825	41.220
29.852	41.025
29.880	41.079
29.907	41.697
29.934	41.546
29.961	41.766
29.989	41.822
30.016	42.113
30.043	42.144
30.071	42.109
30.098	42.419
30.125	42.771
30.153	43.082
30.180	43.447
30.207	43.495
30.235	43.368
30.262	43.543
30.289	43.650
30.317	43.780
30.344	44.007
30.371	43.966
30.398	44.106
30.426	44.275
30.453	44.553
30.480	44.354
30.508	44.041
30.535	44.495
30.562	44.920
30.590	45.030
30.617	45.517
30.644	45.649
30.672	45.588
30.699	45.854
30.726	46.203
30.754	46.380
30.781	46.519
30.808	46.421
30.835	46.708
30.863	46.922
30.890	46.829
30.917	47.043
30.945	47.155
30.972	46.921
30.999	47.112
31.027	47.084
31.054	47.503
31.081	47.865
31.109	47.872
31.136	48.199
31.163	48.554
31.191	48.779
31.218	48.797
31.245	48.800
31.272	48.950
31.300	49.123
31.327	49.306
31.354	49.832
31.382	49.870
31.409	49.782
31.436	50.160
31.464	50.431
31.491	50.493
31.518	50.420
31.546	50.591
31.573	51.227
31.600	51.316
31.628	51.321
31.655	51.628
31.682	51.478
31.709	51.587
31.737	52.111
31.764	52.624
31.791	52.603
31.819	52.456
31.846	52.676
31.873	53.271
31.901	53.274
31.928	53.264
31.955	53.323
31.983	53.760
32.010	54.211
32.037	54.175
32.065	54.338
32.092	54.777
32.119	55.031
32.146	55.348
32.174	55.214
32.201	55.263
32.228	55.862
32.256	56.109
32.283	56.228
32.310	56.338
32.338	56.543
32.365	57.130
32.392	57.266
32.420	57.133
32.447	57.258
32.474	57.416
32.502	57.420
32.529	57.495
32.556	57.390
32.583	57.962
32.611	58.135
32.638	58.109
32.665	58.481
32.693	58.666
32.720	58.815
32.747	59.196
32.775	59.227
32.802	59.759
32.829	59.770
32.857	59.971
32.884	60.421
32.911	60.759
32.939	60.767
32.966	60.554
32.993	61.127
33.020	62.140
33.048	62.340
33.075	62.244
33.102	62.811
33.130	63.257
33.157	63.391
33.184	63.656
33.212	63.654
33.239	63.762
33.266	64.274
33.294	64.613
33.321	64.875
33.348	64.916
33.376	64.921
33.403	65.233
33.430	65.472
33.457	65.729
33.485	65.880
33.512	66.190
33.539	65.958
33.567	66.023
33.594	66.338
33.621	66.840
33.649	66.815
33.676	67.148
33.703	67.331
33.731	67.493
33.758	68.110
33.785	68.241
33.813	68.128
33.840	68.433
33.867	68.786
33.894	68.910
33.922	69.360
33.949	69.404
33.976	69.330
34.004	69.458
34.031	69.644
34.058	70.222
34.086	70.272
34.113	70.523
34.140	71.031
34.168	71.516
34.195	71.866
34.222	72.007
34.250	72.013
34.277	72.508
34.304	72.580
34.331	72.925
34.359	72.965
34.386	72.815
34.413	73.197
34.441	73.584
34.468	73.814
34.495	74.205
34.523	73.990
34.550	74.382
34.577	74.529
34.605	74.699
34.632	75.255
34.659	75.582
34.687	75.438
34.714	75.565
34.741	75.726
34.768	76.126
34.796	76.341
34.823	76.562
34.850	76.917
34.878	77.304
34.905	77.676
34.932	78.034
34.960	77.692
34.987	77.861
35.014	78.242
35.042	78.510
35.069	78.884
35.096	79.104
35.124	79.360
35.151	80.125
35.178	80.361
35.205	80.435
35.233	80.404
35.260	80.478
35.287	80.706
35.315	80.831
35.342	81.132
35.369	81.564
35.397	81.715
35.424	82.234
35.451	82.354
35.479	82.536
35.506	82.829
35.533	82.669
35.561	82.814
35.588	83.111
35.615	83.512
35.642	83.669
35.670	83.802
35.697	84.062
35.724	84.693
35.752	85.021
35.779	85.323
35.806	85.727
35.834	85.758
35.861	85.801
35.888	85.951
35.916	86.479
35.943	86.969
35.970	86.905
35.997	87.028
36.025	87.700
36.052	87.684
36.079	87.703
36.107	87.740
36.134	88.097
36.161	88.619
36.189	88.692
36.216	88.552
36.243	89.235
36.271	89.360
36.298	89.503
36.325	89.502
36.353	89.955
36.380	90.516
36.407	90.613
36.434	91.069
36.462	91.494
36.489	91.338
36.516	91.501
36.544	91.531
36.571	91.726
36.598	92.193
36.626	92.074
36.653	92.010
36.680	92.567
36.708	92.890
36.735	93.547
36.762	93.251
36.790	93.418
36.817	93.910
36.844	94.238
36.871	94.310
36.899	94.664
36.926	94.616
36.953	95.041
36.981	95.507
37.008	95.731
37.035	96.049
37.063	96.419
37.090	96.929
37.117	97.193
37.145	97.264
37.172	97.711
37.199	98.118
37.227	98.396
37.254	98.471
37.281	98.424
37.308	98.528
37.336	98.916
37.363	99.028
37.390	99.142
37.418	99.593
37.445	100.078
37.472	100.323
37.500	100.466
37.527	100.808
37.554	101.449
37.582	101.396
37.609	101.744
37.636	102.045
37.664	102.340
37.691	102.753
37.718	102.946
37.745	103.028
37.773	103.192
37.800	102.899
37.827	103.175
37.855	103.422
37.882	103.753
37.909	103.785
37.937	103.850
37.964	104.341
37.991	104.920
38.019	105.105
38.046	105.477
38.073	105.870
38.101	106.238
38.128	106.426
38.155	106.633
38.182	106.848
38.210	107.212
38.237	107.473
38.264	107.696
38.292	108.086
38.319	108.559
38.346	108.931
38.374	109.079
38.401	109.153
38.428	109.293
38.456	109.308
38.483	109.681
38.510	109.860
38.538	110.176
38.565	110.697
38.592	110.855
38.619	111.206
38.647	111.980
38.674	112.199
38.701	112.406
38.729	112.769
38.756	112.981
38.783	113.191
38.811	113.346
38.838	113.544
38.865	113.652
38.893	113.826
38.920	114.352
38.947	114.264
38.975	114.579
39.002	115.076
39.029	115.319
39.056	115.512
39.084	115.811
39.111	115.747
39.138	116.241
39.166	116.521
39.193	116.610
39.220	116.890
39.248	117.448
39.275	117.609
39.302	117.906
39.330	117.860
39.357	118.472
39.384	118.630
39.412	118.858
39.439	119.157
39.466	119.269
39.493	119.623
39.521	120.050
39.548	120.084
39.575	120.233
39.603	120.633
39.630	121.162
39.657	121.255
39.685	121.161
39.712	121.405
39.739	121.853
39.767	121.652
39.794	121.993
39.821	122.153
39.849	122.596
39.876	122.869
39.903	123.133
39.930	123.522
39.958	123.970
39.985	124.068
40.012	124.381
40.040	124.520
40.067	124.926
40.094	125.431
40.122	125.375
40.149	125.637
40.176	126.291
40.204	126.185
40.231	126.334
40.258	126.522
40.286	126.560
40.313	126.759
40.340	127.002
40.367	126.899
40.395	126.995
40.422	127.118
40.449	127.441
40.477	127.471
40.504	127.911
40.531	128.097
40.559	128.124
40.586	128.366
40.613	129.020
40.641	129.403
40.668	129.404
40.695	129.398
40.723	129.664
40.750	130.001
40.777	130.248
40.804	130.484
40.832	130.682
40.859	130.478
40.886	130.778
40.914	131.219
40.941	131.440
40.968	131.785
40.996	132.118
41.023	132.196
41.050	132.543
41.078	132.536
41.105	132.828
41.132	133.149
41.160	133.411
41.187	133.484
41.214	133.652
41.241	133.797
41.269	133.903
41.296	134.014
41.323	134.396
41.351	134.544
41.378	134.546
41.405	134.642
41.433	135.007
41.460	135.322
41.487	135.657
41.515	135.839
41.542	136.476
41.569	136.939
41.597	137.218
41.624	137.250
41.651	137.537
41.678	137.922
41.706	138.097
41.733	137.883
41.760	138.130
41.788	138.317
41.815	138.360
41.842	138.390
41.870	138.316
41.897	138.295
41.924	138.426
41.952	138.438
41.979	138.572
42.006	138.653
42.033	138.897
42.061	139.464
42.088	139.750
42.115	139.546
42.143	139.751
42.170	140.023
42.197	140.465
42.225	140.551
42.252	140.763
42.279	141.324
42.307	141.671
42.334	141.856
42.361	142.219
42.389	141.928
42.416	142.391
42.443	142.394
42.470	142.425
42.498	142.740
42.525	142.891
42.552	142.841
42.580	143.138
42.607	143.326
42.634	143.678
42.662	143.810
42.689	143.957
42.716	144.130
42.744	144.363
42.771	144.551
42.798	144.834
42.826	145.003
42.853	145.215
42.880	145.304
42.907	145.628
42.935	145.657
42.962	145.549
42.989	145.830
43.017	146.112
43.044	146.101
43.071	146.472
43.099	146.502
43.126	146.628
43.153	146.841
43.181	147.132
43.208	147.119
43.235	147.105
43.263	147.250
43.290	147.692
43.317	147.530
43.344	147.593
43.372	147.862
43.399	148.109
43.426	148.370
43.454	148.593
43.481	148.620
43.508	148.872
43.536	149.192
43.563	149.381
43.590	149.448
43.618	149.527
43.645	149.534
43.672	149.521
43.700	149.439
43.727	149.620
43.754	149.603
43.781	149.806
43.809	149.957
43.836	150.028
43.863	150.042
43.891	150.169
43.918	150.293
43.945	150.550
43.973	150.603
44.000	150.733
44.027	151.075
44.055	151.543
44.082	151.626
44.109	151.909
44.137	151.928
44.164	152.078
44.191	152.017
44.218	152.409
44.246	152.782
44.273	152.686
44.300	152.419
44.328	152.745
44.355	152.703
44.382	153.014
44.410	153.023
44.437	153.192
44.464	153.617
44.492	153.723
44.519	153.571
44.546	153.976
44.574	154.022
44.601	154.348
44.628	154.330
44.655	154.409
44.683	154.558
44.710	154.603
44.737	154.566
44.765	154.730
44.792	154.622
44.819	154.969
44.847	155.051
44.874	155.154
44.901	155.321
44.929	155.683
44.956	155.644
44.983	155.628
45.011	155.765
45.038	156.168
45.065	156.102
45.092	155.891
45.120	155.861
45.147	156.081
45.174	156.334
45.202	156.811
45.229	156.557
45.256	156.691
45.284	156.809
45.311	156.890
45.338	156.942
45.366	157.116
45.393	156.898
45.420	156.913
45.448	156.946
45.475	157.010
45.502	157.183
45.529	157.324
45.557	157.381
45.584	157.543
45.611	157.670
45.639	158.030
45.666	157.894
45.693	158.062
45.721	158.175
45.748	158.170
45.775	158.184
45.803	158.244
45.830	158.204
45.857	158.377
45.885	158.241
45.912	158.670
45.939	158.611
45.966	158.641
45.994	158.765
46.021	159.044
46.048	159.117
46.076	159.299
46.103	159.013
46.130	159.192
46.158	159.402
46.185	159.618
46.212	159.491
46.240	159.487
46.267	159.456
46.294	159.574
46.322	159.735
46.349	159.961
46.376	159.718
46.403	159.745
46.431	159.936
46.458	160.039
46.485	159.769
46.513	159.855
46.540	159.861
46.567	160.109
46.595	160.244
46.622	160.395
46.649	160.502
46.677	160.553
46.704	160.530
46.731	160.597
46.759	160.598
46.786	160.743
46.813	160.825
46.840	160.973
46.868	160.951
46.895	160.958
46.922	160.904
46.950	160.938
46.977	160.736
47.004	160.863
47.032	160.738
47.059	160.866
47.086	161.188
47.114	161.372
47.141	161.104
47.168	160.944
47.196	161.106
47.223	161.318
47.250	161.259
47.277	161.175
47.305	161.311
47.332	161.536
47.359	161.584
47.387	161.644
47.414	161.333
47.441	161.601
47.469	161.685
47.496	161.483
47.523	161.425
47.551	161.779
47.578	161.826
47.605	161.678
47.632	161.596
47.660	161.649
47.687	161.781
47.714	161.987
47.742	162.006
47.769	162.024
47.796	162.013
47.824	162.045
47.851	162.000
47.878	162.215
47.906	162.250
47.933	162.267
47.960	162.256
47.988	162.170
48.015	162.089
48.042	162.272
48.069	162.227
48.097	162.385
48.124	162.387
48.151	162.424
48.179	162.341
48.206	162.267
48.233	162.265
48.261	162.503
48.288	162.464
48.315	162.502
48.343	162.466
48.370	162.582
48.397	162.773
48.425	162.684
48.452	162.537
48.479	162.743
48.506	162.715
48.534	162.623
48.561	162.528
48.588	162.638
48.616	162.735
48.643	162.748
48.670	162.713
48.698	162.816
48.725	162.774
48.752	162.744
48.780	162.611
48.807	162.669
48.834	162.970
48.862	163.071
48.889	162.932
48.916	162.917
48.943	162.990
48.971	163.185
48.998	163.182
49.025	163.197
49.053	163.284
49.080	163.270
49.107	163.141
49.135	163.184
49.162	163.123
49.189	163.221
49.217	163.266
49.244	163.278
49.271	163.152
49.299	163.044
49.326	163.104
49.353	163.282
49.380	163.302
49.408	163.356
49.435	163.406
49.462	163.334
49.490	163.263
49.517	163.395
49.544	163.507
49.572	163.416
49.599	163.263
49.626	163.366
49.654	163.428
49.681	163.421
49.708	163.481
49.736	163.562
49.763	163.553
49.790	163.640
49.817	163.310
49.845	163.310
49.872	163.397
49.899	163.546
49.927	163.470
49.954	163.466
49.981	163.407
50.009	163.348
50.036	163.458
50.063	163.593
50.091	163.682
50.118	163.532
50.145	163.352
50.173	163.453
50.200	163.546
50.227	163.595
50.254	163.470
50.282	163.378
50.309	163.397
50.336	163.402
50.364	163.395
50.391	163.461
50.418	163.498
50.446	163.488
50.473	163.520
50.500	163.590
50.528	163.487
50.555	163.420
50.582	163.381
50.610	163.411
50.637	163.427
50.664	163.562
50.691	163.502
50.719	163.553
50.746	163.683
50.773	163.677
50.801	163.622
50.828	163.550
50.855	163.551
50.883	163.620
50.910	163.429
50.937	163.284
50.965	163.238
50.992	163.410
51.019	163.582
51.047	163.541
51.074	163.510
51.101	163.587
51.128	163.562
51.156	163.679
51.183	163.742
51.210	163.546
51.238	163.322
51.265	163.418
51.292	163.383
51.320	163.237
51.347	163.163
51.374	163.535
51.402	163.603
51.429	163.447
51.456	163.530
51.484	163.512
51.511	163.475
51.538	163.492
51.565	163.277
51.593	163.137
51.620	163.296
51.647	163.510
51.675	163.456
51.702	163.167
51.729	163.137
51.757	163.286
51.784	163.329
51.811	163.292
51.839	163.072
51.866	162.956
51.893	163.097
51.921	163.215
51.948	163.216
51.975	163.259
52.002	162.934
52.030	162.988
52.057	163.131
52.084	163.144
52.112	163.101
52.139	163.174
52.166	163.209
52.194	163.166
52.221	162.917
52.248	162.912
52.276	162.961
52.303	163.020
52.330	163.035
52.358	162.934
52.385	162.819
52.412	162.708
52.439	162.715
52.467	162.770
52.494	162.831
52.521	162.757
52.549	162.679
52.576	162.703
52.603	162.608
52.631	162.500
52.658	162.505
52.685	162.522
52.713	162.475
52.740	162.453
52.767	162.431
52.795	162.271
52.822	162.249
52.849	162.431
52.876	162.376
52.904	162.310
52.931	162.176
52.958	162.193
52.986	162.381
53.013	162.376
53.040	162.243
53.068	162.052
53.095	162.034
53.122	161.865
53.150	161.836
53.177	162.036
53.204	162.153
53.232	162.147
53.259	162.124
53.286	162.009
53.313	161.870
53.341	161.671
53.368	161.706
53.395	161.657
53.423	161.575
53.450	161.457
53.477	161.491
53.505	161.589
53.532	161.582
53.559	161.645
53.587	161.711
53.614	161.618
53.641	161.500
53.668	161.411
53.696	161.385
53.723	161.282
53.750	161.241
53.778	161.205
53.805	161.436
53.832	161.351
53.860	161.260
53.887	161.106
53.914	161.068
53.942	161.126
53.969	161.059
53.996	160.988
54.024	160.854
54.051	160.809
54.078	160.742
54.105	160.633
54.133	160.725
54.160	160.715
54.187	160.743
54.215	160.498
54.242	160.562
54.269	160.725
54.297	160.748
54.324	160.500
54.351	160.390
54.379	160.440
54.406	160.258
54.433	160.234
54.461	160.221
54.488	160.279
54.515	160.299
54.542	160.086
54.570	159.949
54.597	160.088
54.624	159.900
54.652	159.603
54.679	159.662
54.706	159.786
54.734	159.796
54.761	159.439
54.788	159.266
54.816	159.286
54.843	159.137
54.870	159.052
54.898	159.039
54.925	158.944
54.952	158.863
54.979	158.683
55.007	158.789
55.034	158.846
55.061	158.675
55.089	158.683
55.116	158.817
55.143	158.534
55.171	158.354
55.198	158.284
55.225	158.257
55.253	158.146
55.280	157.981
55.307	157.984
55.335	158.139
55.362	158.142
55.389	157.884
55.416	157.622
55.444	157.616
55.471	157.443
55.498	157.616
55.526	157.598
55.553	157.464
55.580	157.110
55.608	157.225
55.635	157.116
55.662	156.814
55.690	156.602
55.717	156.556
55.744	156.652
55.772	156.648
55.799	156.546
55.826	156.388
55.853	156.142
55.881	156.225
55.908	156.256
55.935	155.953
55.963	155.895
55.990	155.983
56.017	155.938
56.045	155.922
56.072	155.763
56.099	155.509
56.127	155.384
56.154	155.398
56.181	155.091
56.209	154.795
56.236	154.573
56.263	154.464
56.290	154.072
56.318	154.091
56.345	154.108
56.372	154.258
56.400	154.289
56.427	154.369
56.454	154.483
56.482	154.499
56.509	154.172
56.536	153.924
56.564	153.947
56.591	153.808
56.618	153.728
56.646	153.625
56.673	153.461
56.700	153.434
56.727	153.267
56.755	153.105
56.782	152.896
56.809	152.588
56.837	152.438
56.864	152.314
56.891	151.949
56.919	152.088
56.946	152.073
56.973	151.815
57.001	151.549
57.028	151.231
57.055	151.304
57.083	151.340
57.110	150.935
57.137	150.553
57.164	150.480
57.192	150.554
57.219	150.378
57.246	150.185
57.274	150.300
57.301	150.384
57.328	150.089
57.356	149.767
57.383	149.471
57.410	149.461
57.438	149.449
57.465	149.385
57.492	149.326
57.520	148.912
57.547	148.986
57.574	149.383
57.601	149.229
57.629	148.953
57.656	148.838
57.683	148.750
57.711	148.309
57.738	147.925
57.765	147.925
57.793	148.000
57.820	147.606
57.847	147.485
57.875	147.701
57.902	147.499
57.929	147.406
57.957	147.340
57.984	147.203
58.011	146.848
58.038	146.358
58.066	146.312
58.093	146.275
58.120	145.914
58.148	145.800
58.175	145.567
58.202	145.360
58.230	145.238
58.257	145.078
58.284	145.144
58.312	145.472
58.339	145.189
58.366	144.571
58.394	144.525
58.421	144.529
58.448	144.521
58.475	144.264
58.503	143.933
58.530	143.659
58.557	143.866
58.585	143.920
58.612	143.684
58.639	143.025
58.667	142.819
58.694	142.701
58.721	142.588
58.749	142.580
58.776	142.331
58.803	142.387
58.831	142.558
58.858	142.579
58.885	142.292
58.912	141.943
58.940	141.830
58.967	141.654
58.994	141.082
59.022	140.740
59.049	140.738
59.076	140.797
59.104	140.635
59.131	140.318
59.158	140.010
59.186	139.859
59.213	139.978
59.240	140.041
59.267	139.891
59.295	139.671
59.322	139.620
59.349	139.337
59.377	139.189
59.404	139.422
59.431	139.170
59.459	138.973
59.486	138.271
59.513	137.906
59.541	138.074
59.568	137.825
59.595	137.413
59.623	137.382
59.650	137.306
59.677	137.434
59.704	137.288
59.732	136.968
59.759	136.622
59.786	136.150
59.814	135.890
59.841	135.579
59.868	134.997
59.896	134.955
59.923	134.954
59.950	134.831
59.978	134.515
60.005	134.384
60.032	134.380
60.060	134.259
60.087	133.715
60.114	133.441
60.141	133.402
60.169	133.307
60.196	132.922
60.223	132.457
60.251	132.402
60.278	132.503
60.305	132.058
60.333	131.911
60.360	131.603
60.387	131.186
60.415	130.987
60.442	130.815
60.469	130.609
60.497	130.481
60.524	130.079
60.551	129.527
60.578	129.340
60.606	129.559
60.633	129.337
60.660	128.795
60.688	128.618
60.715	128.505
60.742	128.235
60.770	128.155
60.797	127.586
60.824	127.353
60.852	127.284
60.879	127.182
60.906	127.094
60.934	126.940
60.961	126.715
60.988	126.440
61.015	126.045
61.043	125.716
61.070	125.634
61.097	125.568
61.125	125.454
61.152	125.110
61.179	124.693
61.207	124.834
61.234	124.769
61.261	124.193
61.289	123.525
61.316	123.530
61.343	123.560
61.371	123.291
61.398	122.571
61.425	122.729
61.452	122.551
61.480	122.182
61.507	122.106
61.534	122.016
61.562	121.520
61.589	121.053
61.616	120.757
61.644	120.914
61.671	120.796
61.698	120.514
61.726	120.265
61.753	120.084
61.780	119.595
61.808	119.426
61.835	119.191
61.862	119.301
61.889	119.132
61.917	119.054
61.944	119.032
61.971	118.786
61.999	118.103
62.026	117.738
62.053	117.370
62.081	117.194
62.108	116.729
62.135	116.582
62.163	116.289
62.190	115.867
62.217	115.544
62.245	115.694
62.272	115.389
62.299	114.951
62.326	114.299
62.354	114.190
62.381	114.139
62.408	114.006
62.436	113.641
62.463	113.321
62.490	113.128
62.518	112.939
62.545	112.523
62.572	111.957
62.600	111.638
62.627	111.326
62.654	110.839
62.682	110.539
62.709	110.457
62.736	110.422
62.763	110.037
62.791	109.733
62.818	109.498
62.845	109.727
62.873	109.273
62.900	109.157
62.927	108.707
62.955	108.543
62.982	108.444
63.009	108.340
63.037	108.149
63.064	108.049
63.091	107.824
63.119	107.707
63.146	107.289
63.173	107.316
63.200	107.142
63.228	106.833
63.255	106.425
63.282	106.424
63.310	105.947
63.337	105.500
63.364	104.929
63.392	104.809
63.419	104.331
63.446	104.003
63.474	103.912
63.501	103.859
63.528	103.507
63.556	103.458
63.583	102.925
63.610	102.920
63.637	102.807
63.665	102.334
63.692	101.793
63.719	101.705
63.747	101.596
63.774	101.425
63.801	100.793
63.829	101.039
63.856	100.890
63.883	100.505
63.911	100.124
63.938	99.991
63.965	99.932
63.993	99.818
64.020	99.071
64.047	98.920
64.074	98.612
64.102	98.508
64.129	98.315
64.156	97.987
64.184	97.848
64.211	97.920
64.238	97.302
64.266	97.206
64.293	96.888
64.320	96.661
64.348	96.361
64.375	96.269
64.402	96.241
64.430	96.015
64.457	94.992
64.484	94.830
64.511	94.532
64.539	94.381
64.566	94.140
64.593	93.843
64.621	93.597
64.648	93.644
64.675	93.212
64.703	93.083
64.730	92.778
64.757	92.520
64.785	92.198
64.812	92.058
64.839	91.573
64.867	91.491
64.894	90.824
64.921	90.668
64.948	90.372
64.976	90.265
65.003	89.953
65.030	89.465
65.058	89.361
65.085	89.666
65.112	89.272
65.140	89.028
65.167	88.817
65.194	88.541
65.222	88.081
65.249	88.149
65.276	87.947
65.303	87.487
65.331	87.182
65.358	87.014
65.385	86.767
65.413	86.569
65.440	85.887
65.467	85.815
65.495	85.784
65.522	85.722
65.549	84.942
65.577	84.904
65.604	84.807
65.631	84.543
65.659	84.365
65.686	84.409
65.713	84.255
65.740	84.036
65.768	83.384
65.795	83.001
65.822	82.789
65.850	82.701
65.877	82.667
65.904	82.311
65.932	81.787
65.959	81.950
65.986	81.589
66.014	81.902
66.041	81.441
66.068	80.973
66.096	81.111
66.123	80.941
66.150	80.642
66.177	80.654
66.205	80.054
66.232	79.604
66.259	79.167
66.287	79.240
66.314	79.125
66.341	79.030
66.369	78.477
66.396	78.118
66.423	77.740
66.451	77.887
66.478	77.265
66.505	76.770
66.533	76.830
66.560	76.821
66.587	76.384
66.614	76.252
66.642	75.948
66.669	75.812
66.696	75.584
66.724	75.554
66.751	75.374
66.778	75.142
66.806	74.443
66.833	74.138
66.860	73.742
66.888	73.839
66.915	73.494
66.942	73.250
66.970	72.831
66.997	72.759
67.024	72.794
67.051	72.534
67.079	71.795
67.106	71.811
67.133	71.664
67.161	71.522
67.188	71.218
67.215	71.184
67.243	70.760
67.270	70.653
67.297	70.449
67.325	70.586
67.352	69.648
67.379	69.413
67.407	69.525
67.434	69.291
67.461	68.997
67.488	68.959
67.516	68.582
67.543	68.696
67.570	67.916
67.598	67.832
67.625	67.742
67.652	67.230
67.680	67.130
67.707	67.105
67.734	66.775
67.762	66.971
67.789	66.384
67.816	66.338
67.844	66.263
67.871	65.736
67.898	65.229
67.925	65.531
67.953	65.175
67.980	65.157
68.007	64.712
68.035	64.436
68.062	64.534
68.089	64.581
68.117	63.995
68.144	63.677
68.171	63.352
68.199	63.434
68.226	62.910
68.253	62.903
68.281	62.615
68.308	62.030
68.335	61.872
68.362	61.902
68.390	61.299
68.417	60.830
68.444	60.718
68.472	60.878
68.499	60.439
68.526	60.324
68.554	59.902
68.581	60.031
68.608	59.559
68.636	59.263
68.663	58.758
68.690	58.674
68.718	58.840
68.745	58.891
68.772	58.468
68.799	58.198
68.827	58.049
68.854	58.411
68.881	57.935
68.909	57.385
68.936	57.029
68.963	57.071
68.991	57.201
69.018	57.075
69.045	56.348
69.073	56.024
69.100	55.628
69.127	55.527
69.155	55.344
69.182	55.248
69.209	55.193
69.236	55.193
69.264	54.439
69.291	54.435
69.318	54.458
69.346	54.367
69.373	54.162
69.400	53.894
69.428	53.462
69.455	53.491
69.482	53.295
69.510	53.226
69.537	52.819
69.564	52.870
69.592	52.478
69.619	52.197
69.646	51.986
69.673	51.793
69.701	51.359
69.728	51.528
69.755	51.470
69.783	51.219
69.810	50.775
69.837	50.922
69.865	50.576
69.892	50.568
69.919	50.155
69.947	50.324
69.974	50.309
70.001	49.885
70.029	49.464
70.056	49.730
70.083	49.616
70.110	49.479
70.138	49.470
70.165	49.513
70.192	49.137
70.220	49.116
70.247	49.028
70.274	48.953
70.302	48.339
70.329	48.131
70.356	48.184
70.384	48.616
70.411	47.863
70.438	47.309
70.466	47.413
70.493	47.553
70.520	47.284
70.547	47.348
70.575	46.787
70.602	46.517
70.629	46.568
70.657	46.463
70.684	46.185
70.711	46.350
70.739	46.367
70.766	46.248
70.793	45.833
70.821	46.024
70.848	45.966
70.875	45.926
70.903	45.197
70.930	44.709
70.957	44.566
70.984	44.769
71.012	44.133
71.039	44.225
71.066	44.304
71.094	44.130
71.121	43.878
71.148	44.016
71.176	43.822
71.203	43.471
71.230	43.037
71.258	43.323
71.285	43.295
71.312	43.227
71.340	42.721
71.367	42.278
71.394	42.175
71.421	42.212
71.449	41.934
71.476	41.868
71.503	41.628
71.531	41.679
71.558	41.633
71.585	41.498
71.613	41.363
71.640	41.531
71.667	40.811
71.695	40.839
71.722	40.797
71.749	40.696
71.776	40.321
71.804	39.953
71.831	39.840
71.858	40.081
71.886	39.698
71.913	39.706
71.940	39.558
71.968	39.292
71.995	39.428
72.022	39.463
72.050	39.193
72.077	39.289
72.104	38.740
72.132	38.825
72.159	38.579
72.186	38.073
72.213	37.762
72.241	37.899
72.268	37.939
72.295	37.767
72.323	37.628
72.350	37.588
72.377	37.616
72.405	37.633
72.432	37.412
72.459	37.176
72.487	36.801
72.514	36.750
72.541	36.497
72.569	36.523
72.596	36.343
72.623	36.159
72.650	36.213
72.678	36.486
72.705	36.168
72.732	35.708
72.760	34.947
72.787	35.168
72.814	35.244
72.842	35.105
72.869	35.172
72.896	35.291
72.924	34.934
72.951	34.639
72.978	34.252
73.006	34.573
73.033	34.568
73.060	34.163
73.087	33.928
73.115	33.965
73.142	33.890
73.169	34.015
73.197	33.417
73.224	33.438
73.251	33.369
73.279	33.447
73.306	33.380
73.333	33.060
73.361	32.890
73.388	33.139
73.415	32.936
73.443	32.919
73.470	33.025
73.497	32.836
73.524	32.626
73.552	32.652
73.579	32.409
73.606	32.427
73.634	31.791
73.661	31.602
73.688	31.567
73.716	31.523
73.743	31.191
73.770	31.186
73.798	31.166
73.825	31.257
73.852	31.035
73.880	31.260
73.907	31.058
73.934	31.012
73.961	30.789
73.989	30.624
74.016	30.292
74.043	30.198
74.071	29.959
74.098	29.977
74.125	29.641
74.153	29.598
74.180	29.727
74.207	29.985
74.235	29.918
74.262	30.009
74.289	29.641
74.317	29.625
74.344	29.330
74.371	29.219
74.398	29.182
74.426	29.127
74.453	28.787
74.480	28.899
74.508	28.514
74.535	28.372
74.562	28.520
74.590	28.833
74.617	28.417
74.644	28.149
74.672	27.998
74.699	28.096
74.726	27.830
74.754	27.961
74.781	27.868
74.808	27.704
74.835	27.405
74.863	27.360
74.890	27.434
74.917	27.392
74.945	26.907
74.972	27.332
74.999	27.260
75.027	26.958
75.054	26.725
75.081	26.728
75.109	26.559
75.136	26.417
75.163	26.119
75.191	26.083
75.218	25.981
75.245	25.878
75.272	25.774
75.300	25.641
75.327	25.356
75.354	25.484
75.382	25.083
75.409	24.968
75.436	25.010
75.464	25.308
75.491	25.270
75.518	25.045
75.546	24.826
75.573	24.887
75.600	24.689
75.628	24.775
75.655	25.057
75.682	24.747
75.709	24.447
75.737	24.602
75.764	24.319
75.791	24.494
75.819	23.834
75.846	23.887
75.873	23.931
75.901	23.791
75.928	23.818
75.955	23.977
75.983	23.690
76.010	24.007
76.037	23.356
76.065	23.175
76.092	23.205
76.119	23.476
76.146	23.367
76.174	23.453
76.201	23.311
76.228	23.219
76.256	22.660
76.283	22.810
76.310	22.575
76.338	22.463
76.365	22.427
76.392	22.146
76.420	22.101
76.447	22.484
76.474	22.390
76.502	22.241
76.529	21.809
76.556	22.102
76.583	22.354
76.611	22.039
76.638	21.866
76.665	22.207
76.693	21.961
76.720	21.733
76.747	21.645
76.775	21.562
76.802	21.330
76.829	21.622
76.857	21.940
76.884	21.705
76.911	21.359
76.938	21.490
76.966	21.492
76.993	21.162
77.020	20.796
77.048	20.869
77.075	20.954
77.102	20.779
77.130	20.455
77.157	20.752
77.184	20.723
77.212	20.519
77.239	20.564
77.266	20.356
77.294	20.036
77.321	20.299
77.348	20.272
77.375	19.905
77.403	19.502
77.430	19.640
77.457	19.802
77.485	19.910
77.512	19.390
77.539	19.536
77.567	19.127
77.594	19.468
77.621	19.171
77.649	19.112
77.676	19.446
77.703	19.480
77.731	19.089
77.758	19.309
77.785	19.076
77.812	19.168
77.840	18.751
77.867	18.600
77.894	18.781
77.922	18.973
77.949	18.976
77.976	18.822
78.004	17.977
78.031	18.333
78.058	18.141
78.086	18.072
78.113	18.067
78.140	17.866
78.168	17.797
78.195	18.069
78.222	17.802
78.249	18.035
78.277	18.043
78.304	17.759
78.331	17.346
78.359	17.428
78.386	17.453
78.413	17.561
78.441	17.344
78.468	17.744
78.495	17.546
78.523	17.010
78.550	16.970
78.577	17.566
78.605	17.587
78.632	17.384
78.659	16.771
78.686	16.900
78.714	16.786
78.741	16.851
78.768	16.716
78.796	16.773
78.823	16.554
78.850	16.425
78.878	16.264
78.905	16.706
78.932	16.575
78.960	16.400
78.987	16.209
79.014	16.258
79.042	16.184
79.069	16.294
79.096	16.047
79.123	16.006
79.151	15.547
79.178	15.839
79.205	15.698
79.233	15.390
79.260	15.216
79.287	15.828
79.315	15.635
79.342	15.558
79.369	15.047
79.397	14.946
79.424	14.954
79.451	15.148
79.479	15.348
79.506	15.486
79.533	14.932
79.560	14.968
79.588	15.146
79.615	15.149
79.642	14.632
79.670	14.788
79.697	14.978
79.724	15.029
79.752	14.267
79.779	14.620
79.806	14.774
79.834	14.751
79.861	14.396
79.888	13.833
79.916	13.733
79.943	14.344
79.970	14.132
79.997	13.770
80.025	13.593
80.052	13.904
80.079	14.248
80.107	14.140
80.134	13.597
80.161	13.875
80.189	14.197
80.216	14.078
80.243	13.619
80.271	13.603
80.298	13.998
80.325	13.867
80.353	13.516
80.380	13.910
80.407	13.865
80.434	13.954
80.462	13.469
80.489	13.566
80.516	13.406
80.544	13.421
80.571	13.344
80.598	13.493
80.626	12.745
80.653	12.921
80.680	12.975
80.708	12.902
80.735	13.044
80.762	13.080
80.790	13.125
80.817	12.963
80.844	12.549
80.871	12.866
80.899	12.258
80.926	11.882
80.953	12.184
80.981	12.726
81.008	12.828
81.035	12.205
81.063	11.799
81.090	12.633
81.117	12.188
81.145	11.859
81.172	11.855
81.199	12.331
81.227	12.257
81.254	11.972
81.281	11.491
81.308	11.851
81.336	12.177
81.363	11.828
81.390	11.413
81.418	11.404
81.445	11.519
81.472	11.600
81.500	11.300
81.527	11.528
81.554	11.728
81.582	11.595
81.609	11.288
81.636	11.362
81.664	11.539
81.691	11.380
81.718	10.976
81.745	11.234
81.773	11.590
81.800	11.490
81.827	10.818
81.855	10.685
81.882	10.917
81.909	11.167
81.937	10.870
81.964	10.882
81.991	10.975
82.019	11.104
82.046	10.682
82.073	10.478
82.101	10.745
82.128	10.765
82.155	10.348
82.182	10.839
82.210	10.704
82.237	10.551
82.264	10.609
82.292	11.130
82.319	10.800
82.346	10.449
82.374	9.853
82.401	10.247
82.428	10.346
82.456	10.311
82.483	10.023
82.510	10.277
82.538	10.554
82.565	10.346
82.592	9.785
82.619	10.164
82.647	10.108
82.674	9.703
82.701	9.552
82.729	9.896
82.756	9.928
82.783	10.182
82.811	9.600
82.838	9.487
82.865	9.659
82.893	9.822
82.920	9.669
82.947	9.855
82.975	9.922
83.002	9.889
83.029	9.561
83.056	9.539
83.084	9.404
83.111	9.438
83.138	9.347
83.166	9.171
83.193	9.106
83.220	9.045
83.248	8.806
83.275	9.152
83.302	9.362
83.330	9.013
83.357	8.858
83.384	8.951
83.411	9.067
83.439	9.242
83.466	9.031
83.493	9.101
83.521	8.910
83.548	8.929
83.575	8.847
83.603	8.741
83.630	8.571
83.657	8.451
83.685	8.414
83.712	8.569
83.739	8.612
83.767	8.550
83.794	8.519
83.821	8.738
83.848	8.630
83.876	8.458
83.903	8.380
83.930	8.869
83.958	8.700
83.985	8.029
84.012	7.924
84.040	8.557
84.067	8.631
84.094	8.274
84.122	7.703
84.149	7.883
84.176	8.389
84.204	8.196
84.231	7.684
84.258	7.841
84.285	8.057
84.313	8.155
84.340	7.623
84.367	7.817
84.395	7.649
84.422	7.551
84.449	7.316
84.477	7.439
84.504	7.617
84.531	7.513
84.559	7.233
84.586	7.688
84.613	7.638
84.641	7.422
84.668	7.149
84.695	7.228
84.722	7.692
84.750	7.731
84.777	7.235
84.804	7.304
84.832	7.481
84.859	7.367
84.886	7.021
84.914	7.087
84.941	7.171
84.968	7.175
84.996	6.972
85.023	6.844
85.050	6.984
85.078	7.186
85.105	7.397
85.132	7.179
85.159	6.738
85.187	6.807
85.214	6.862
85.241	6.958
85.269	6.742
85.296	6.907
85.323	6.763
85.351	6.591
85.378	6.411
85.405	6.582
85.433	6.595
85.460	6.681
85.487	6.777
85.515	6.817
85.542	6.777
85.569	6.671
85.596	6.531
85.624	6.558
85.651	6.589
85.678	6.502
85.706	6.565
85.733	6.567
85.760	6.441
85.788	6.381
85.815	6.451
85.842	6.615
85.870	6.513
85.897	6.681
85.924	6.341
85.952	5.913
85.979	6.120
86.006	6.590
86.033	6.647
86.061	6.488
86.088	6.394
86.115	6.862
86.143	6.544
86.170	6.157
86.197	6.201
86.225	6.115
86.252	6.269
86.279	6.221
86.307	5.860
86.334	5.628
86.361	5.931
86.389	6.054
86.416	6.171
86.443	6.339
86.470	6.069
86.498	5.796
86.525	5.954
86.552	6.076
86.580	6.170
86.607	5.811
86.634	5.708
86.662	5.922
86.689	6.019
86.716	6.102
86.744	5.799
86.771	5.777
86.798	5.686
86.826	5.858
86.853	5.907
86.880	5.815
86.907	5.723
86.935	5.642
86.962	5.334
86.989	5.453
87.017	5.822
87.044	5.880
87.071	5.561
87.099	5.390
87.126	5.566
87.153	5.845
87.181	5.757
87.208	5.597
87.235	5.648
87.263	5.780
87.290	5.811
87.317	5.661
87.344	5.593
87.372	5.668
87.399	5.326
87.426	5.774
87.454	6.016
87.481	5.904
87.508	5.574
87.536	5.781
87.563	5.888
87.590	5.394
87.618	4.938
87.645	5.801
87.672	5.769
87.700	5.402
87.727	5.251
87.754	5.375
87.781	5.405
87.809	5.199
87.836	4.969
87.863	5.135
87.891	5.104
87.918	5.042
87.945	5.213
87.973	5.481
88.000	5.347
88.027	5.059
88.055	4.734
88.082	5.096
88.109	5.103
88.137	4.804
88.164	4.980
88.191	5.319
88.218	5.181
88.246	4.933
88.273	5.057
88.300	5.292
88.328	5.115
88.355	4.883
88.382	4.953
88.410	5.100
88.437	4.957
88.464	4.907
88.492	4.630
88.519	4.977
88.546	5.291
88.574	5.117
88.601	4.865
88.628	4.752
88.655	4.926
88.683	5.308
88.710	4.666
88.737	4.837
88.765	5.075
88.792	5.052
88.819	4.722
88.847	4.870
88.874	5.264
88.901	4.905
88.929	4.575
88.956	4.752
88.983	4.953
89.010	4.906
89.038	4.465
89.065	4.527
89.092	4.847
89.120	4.749
89.147	4.587
89.174	4.448
89.202	4.500
89.229	4.652
89.256	4.660
89.284	4.890
89.311	5.029
89.338	4.854
89.366	4.368
89.393	4.502
89.420	4.559
89.447	4.381
89.475	4.311
89.502	4.580
89.529	4.845
89.557	4.734
89.584	4.282
89.611	4.378
89.639	4.356
89.666	4.266
89.693	4.193
89.721	4.286
89.748	4.410
89.775	4.375
89.803	4.381
89.830	4.442
89.857	4.378
89.884	4.200
89.912	4.150
89.939	4.354
89.966	4.556
89.994	4.365
90.021	4.163
90.048	4.764
90.076	4.859
90.103	4.579
90.130	4.250
90.158	3.884
90.185	3.841
90.212	3.953
90.240	3.997
90.267	4.557
90.294	4.469
90.321	4.226
90.349	4.094
90.376	4.025
90.403	4.181
90.431	4.234
90.458	4.125
90.485	4.334
90.513	4.443
90.540	4.256
90.567	3.981
90.595	4.118
90.622	4.454
90.649	4.108
90.677	3.872
90.704	3.907
90.731	4.163
90.758	4.024
90.786	3.859
90.813	4.171
90.840	4.147
90.868	4.031
90.895	3.682
90.922	4.120
90.950	4.310
90.977	4.186
91.004	4.041
91.032	4.263
91.059	4.098
91.086	3.992
91.114	3.881
91.141	4.139
91.168	4.162
91.195	3.936
91.223	4.088
91.250	4.387
91.277	4.459
91.305	4.541
91.332	4.266
91.359	4.240
91.387	3.898
91.414	3.788
91.441	4.153
91.469	4.325
91.496	4.056
91.523	3.679
91.551	3.591
91.578	3.997
91.605	4.076
91.632	3.943
91.660	3.841
91.687	3.941
91.714	4.236
91.742	4.400
91.769	4.000
91.796	3.823
91.824	4.118
91.851	4.005
91.878	3.660
91.906	3.939
91.933	4.264
91.960	4.361
91.988	3.950
92.015	3.874
92.042	4.005
92.069	4.240
92.097	3.946
92.124	3.916
92.151	4.303
92.179	4.299
92.206	3.760
92.233	3.804
92.261	3.965
92.288	3.993
92.315	3.809
92.343	3.685
92.370	3.819
92.397	4.084
92.425	3.789
92.452	4.280
92.479	4.231
92.506	3.794
92.534	3.562
92.561	3.495
92.588	3.623
92.616	3.895
92.643	3.868
92.670	3.807
92.698	3.719
92.725	3.604
92.752	3.497
92.780	3.589
92.807	3.804
92.834	3.825
92.862	3.400
92.889	3.618
92.916	3.948
92.943	4.270
92.971	3.831
92.998	3.850
93.025	4.161
93.053	4.292
93.080	3.668
93.107	3.920
93.135	3.855
93.162	3.639
93.189	3.306
93.217	3.392
93.244	3.812
93.271	4.008
93.299	3.433
93.326	3.594
93.353	4.167
93.380	4.094
93.408	3.446
93.435	3.605
93.462	3.644
93.490	3.600
93.517	3.388
93.544	3.336
93.572	3.319
93.599	3.466
93.626	3.461
93.654	3.582
93.681	3.623
93.708	3.689
93.736	3.537
93.763	3.584
93.790	3.602
93.817	3.514
93.845	3.326
93.872	3.003
93.899	3.016
93.927	3.204
93.954	3.522
93.981	3.741
94.009	3.861
94.036	3.920
94.063	3.749
94.091	3.543
94.118	3.353
94.145	3.439
94.173	3.322
94.200	3.350
94.227	3.230
94.254	3.045
94.282	3.196
94.309	3.477
94.336	3.462
94.364	3.200
94.391	3.008
94.418	3.501
94.446	3.478
94.473	3.380
94.500	3.431
94.528	3.392
94.555	3.242
94.582	3.302
94.610	3.242
94.637	3.182
94.664	3.108
94.691	3.175
94.719	3.436
94.746	3.132
94.773	2.954
94.801	3.120
94.828	3.282
94.855	3.265
94.883	3.302
94.910	3.159
94.937	3.278
94.965	3.412
94.992	3.172
95.019	3.030
95.046	3.214
95.074	3.079
95.101	3.061
95.128	2.926
95.156	3.089
95.183	3.565
95.210	3.568
95.238	3.263
95.265	2.823
95.292	2.922
95.320	3.152
95.347	3.211
95.374	2.888
95.402	2.874
95.429	3.051
95.456	3.211
95.483	2.953
95.511	3.086
95.538	3.146
95.565	3.167
95.593	2.840
95.620	2.771
95.647	3.101
95.675	3.014
95.702	2.907
95.729	3.262
95.757	3.324
95.784	3.105
95.811	3.123
95.839	3.321
95.866	3.295
95.893	2.906
95.920	2.675
95.948	3.178
95.975	3.245
96.002	2.978
96.030	2.748
96.057	2.824
96.084	2.887
96.112	2.866
96.139	2.645
96.166	2.825
96.194	3.029
96.221	3.036
96.248	2.965
96.276	3.161
96.303	3.008
96.330	2.904
96.357	2.628
96.385	3.122
96.412	3.140
96.439	2.810
96.467	2.591
96.494	2.765
96.521	2.977
96.549	2.918
96.576	2.484
96.603	2.615
96.631	2.872
96.658	3.034
96.685	3.088
96.713	2.983
96.740	2.895
96.767	2.831
96.794	2.655
96.822	3.027
96.849	2.804
96.876	2.749
96.904	2.713
96.931	2.640
96.958	2.803
96.986	2.789
97.013	2.502
97.040	2.711
97.068	3.067
97.095	3.302
97.122	2.734
97.150	2.501
97.177	2.744
97.204	2.821
97.231	2.453
97.259	2.681
97.286	2.780
97.313	2.586
97.341	2.407
97.368	2.374
97.395	2.656
97.423	2.532
97.450	2.288
97.477	2.542
97.505	2.561
97.532	2.421
97.559	2.337
97.587	2.503
97.614	2.642
97.641	2.550
97.668	2.500
97.696	2.486
97.723	2.660
97.750	2.532
97.778	2.458
97.805	2.766
97.832	3.039
97.860	2.723
97.887	2.299
97.914	2.747
97.942	3.184
97.969	2.936
97.996	2.531
98.024	2.544
98.051	2.595
98.078	2.953
98.105	2.575
98.133	2.631
98.160	2.932
98.187	2.631
98.215	2.429
98.242	2.549
98.269	2.414
98.297	2.360
98.324	2.542
98.351	2.958
98.379	2.745
98.406	2.331
98.433	2.301
98.461	2.531
98.488	2.774
98.515	2.833
98.542	2.509
98.570	2.686
98.597	2.748
98.624	2.513
98.652	2.450
98.679	2.557
98.706	2.652
98.734	2.765
98.761	2.595
98.788	2.600
98.816	2.608
98.843	2.625
98.870	2.287
98.898	2.571
98.925	2.983
98.952	2.785
98.979	2.306
99.007	2.388
99.034	2.552
99.061	2.522
99.089	2.566
99.116	2.734
99.143	2.743
99.171	2.731
99.198	2.520
99.225	2.459
99.253	2.464
99.280	2.443
99.307	2.288
99.335	2.527
99.362	2.707
99.389	2.829
99.416	2.288
99.444	2.655
99.471	2.858
99.498	2.573
99.526	2.403
99.553	2.777
99.580	2.602
99.608	2.433
99.635	2.486
99.662	2.799
99.690	2.613
99.717	2.418
99.744	2.583
99.772	2.669
99.799	2.551
99.826	2.316
99.853	2.015
99.881	2.356
99.908	2.418
99.935	2.166
99.963	1.935
99.990	2.157
100.017	2.360
100.045	2.240
100.072	2.188
100.099	2.380
100.127	2.602
100.154	2.330
100.181	2.006
100.209	2.069
100.236	2.078
100.263	1.962
100.290	2.047
100.318	2.370
100.345	2.220
100.372	2.132
100.400	2.200
100.427	2.242
100.454	2.248
100.482	2.211
100.509	2.054
100.536	1.969
100.564	1.954
100.591	2.282
100.618	2.411
100.646	2.216
100.673	1.978
100.700	2.125
100.727	2.315
100.755	2.234
100.782	2.372
100.809	2.431
100.837	2.203
100.864	2.170
100.891	2.279
100.919	2.228
100.946	2.042
100.973	1.988
101.001	1.918
101.028	1.832
101.055	1.980
101.082	2.436
101.110	2.593
101.137	2.465
101.164	2.205
101.192	2.250
101.219	2.426
101.246	2.377
101.274	2.269
101.301	2.248
101.328	2.189
101.356	2.150
101.383	2.130
101.410	2.244
101.438	2.222
101.465	2.090
101.492	2.031
101.519	2.150
101.547	2.291
101.574	2.374
