0.000	2.735
0.027	2.742
0.053	2.858
0.080	2.841
0.106	2.572
0.133	2.554
0.160	2.647
0.186	2.647
0.213	2.661
0.239	2.706
0.266	2.891
0.293	3.120
0.319	3.029
0.346	3.222
0.372	3.496
0.399	3.529
0.426	2.978
0.452	2.814
0.479	2.711
0.505	2.814
0.532	2.930
0.558	2.672
0.585	2.532
0.612	2.633
0.638	2.737
0.665	2.719
0.691	2.591
0.718	2.651
0.745	3.022
0.771	3.129
0.798	2.987
0.824	2.930
0.851	3.310
0.878	3.500
0.904	3.310
0.931	3.034
0.957	2.803
0.984	3.081
1.011	3.199
1.037	2.858
1.064	2.547
1.090	2.672
1.117	2.930
1.144	3.140
1.170	2.927
1.197	3.014
1.223	3.095
1.250	3.054
1.277	3.104
1.303	3.124
1.330	3.303
1.356	3.208
1.383	3.056
1.409	3.093
1.436	3.090
1.463	3.073
1.489	3.032
1.516	3.167
1.542	3.201
1.569	3.011
1.596	2.959
1.622	2.875
1.649	2.941
1.675	2.708
1.702	2.737
1.729	2.928
1.755	3.027
1.782	2.959
1.808	2.996
1.835	2.973
1.862	2.987
1.888	3.007
1.915	3.007
1.941	3.244
1.968	3.249
1.995	2.989
2.021	2.799
2.048	2.916
2.074	3.251
2.101	3.303
2.128	3.226
2.154	3.425
2.181	3.468
2.207	3.124
2.234	2.980
2.261	3.002
2.287	2.916
2.314	2.864
2.340	2.753
2.367	2.977
2.393	3.151
2.420	3.138
2.447	3.154
2.473	3.299
2.500	3.246
2.526	2.980
2.553	2.987
2.580	3.247
2.606	3.290
2.633	3.072
2.659	3.097
2.686	3.271
2.713	3.407
2.739	3.140
2.766	2.801
2.792	2.928
2.819	3.208
2.846	3.211
2.872	3.256
2.899	3.513
2.925	3.814
2.952	3.525
2.979	3.061
3.005	3.091
3.032	3.337
3.058	3.389
3.085	3.296
3.112	3.247
3.138	2.946
3.165	2.966
3.191	3.561
3.218	3.939
3.244	3.878
3.271	3.724
3.298	3.471
3.324	3.618
3.351	3.568
3.377	3.529
3.404	3.495
3.431	3.421
3.457	3.242
3.484	2.896
3.510	3.047
3.537	3.556
3.564	3.710
3.590	3.380
3.617	3.444
3.643	3.783
3.670	3.711
3.697	3.511
3.723	3.299
3.750	3.620
3.776	3.713
3.803	3.471
3.830	3.233
3.856	3.554
3.883	3.966
3.909	3.814
3.936	3.910
3.963	4.131
3.989	4.285
4.016	3.830
4.042	3.595
4.069	3.670
4.096	3.616
4.122	3.556
4.149	3.237
4.175	3.297
4.202	3.780
4.228	3.912
4.255	3.473
4.282	3.586
4.308	4.038
4.335	4.045
4.361	3.728
4.388	3.744
4.415	3.824
4.441	4.081
4.468	4.138
4.494	4.111
4.521	3.851
4.548	3.744
4.574	3.814
4.601	3.860
4.627	4.038
4.654	3.993
4.681	3.946
4.707	4.204
4.734	4.349
4.760	4.070
4.787	3.832
4.814	3.869
4.840	3.844
4.867	3.747
4.893	3.579
4.920	3.654
4.947	4.056
4.973	4.588
5.000	4.647
5.026	4.636
5.053	4.332
5.079	4.050
5.106	4.029
5.133	4.271
5.159	4.428
5.186	4.228
5.212	4.079
5.239	4.204
5.266	4.360
5.292	4.312
5.319	4.398
5.345	4.570
5.372	4.462
5.399	4.203
5.425	4.030
5.452	4.563
5.478	4.962
5.505	4.756
5.532	4.715
5.558	4.717
5.585	4.735
5.611	4.937
5.638	4.735
5.665	4.826
5.691	4.738
5.718	4.606
5.744	4.857
5.771	5.235
5.798	5.289
5.824	4.966
5.851	4.980
5.877	5.430
5.904	5.414
5.931	5.154
5.957	4.946
5.984	4.717
6.010	4.496
6.037	4.735
6.063	4.740
6.090	4.726
6.117	4.613
6.143	4.513
6.170	4.624
6.196	4.582
6.223	4.450
6.250	4.263
6.276	4.380
6.303	4.728
6.329	4.964
6.356	4.851
6.383	4.654
6.409	4.832
6.436	5.082
6.462	5.002
6.489	4.726
6.516	5.084
6.542	5.131
6.569	4.880
6.595	4.654
6.622	4.724
6.649	5.025
6.675	5.167
6.702	4.841
6.728	4.921
6.755	5.020
6.782	5.039
6.808	5.029
6.835	5.163
6.861	5.319
6.888	5.159
6.915	5.023
6.941	5.199
6.968	5.278
6.994	5.167
7.021	5.104
7.047	5.371
7.074	5.590
7.101	5.452
7.127	4.910
7.154	4.996
7.180	5.297
7.207	5.315
7.234	5.305
7.260	5.430
7.287	5.548
7.313	5.283
7.340	5.004
7.367	5.421
7.393	5.532
7.420	5.276
7.446	5.443
7.473	5.710
7.500	5.787
7.526	5.704
7.553	5.244
7.579	5.235
7.606	5.618
7.633	5.654
7.659	5.565
7.686	5.699
7.712	5.882
7.739	6.014
7.766	5.539
7.792	5.844
7.819	5.914
7.845	5.616
7.872	5.330
7.898	5.247
7.925	5.484
7.952	5.826
7.978	6.127
8.005	6.068
8.031	5.973
8.058	5.828
8.085	5.715
8.111	5.616
8.138	5.844
8.164	6.183
8.191	5.970
8.218	6.380
8.244	6.658
8.271	6.772
8.297	6.789
8.324	6.590
8.351	6.203
8.377	6.073
8.404	6.030
8.430	6.430
8.457	6.948
8.484	6.892
8.510	6.584
8.537	6.857
8.563	7.011
8.590	6.824
8.617	6.152
8.643	6.349
8.670	6.414
8.696	6.251
8.723	6.131
8.750	6.262
8.776	6.493
8.803	6.824
8.829	6.996
8.856	6.841
8.882	6.636
8.909	6.643
8.936	6.959
8.962	7.036
8.989	6.826
9.015	6.656
9.042	6.710
9.069	6.448
9.095	6.231
9.122	6.403
9.148	6.548
9.175	6.591
9.202	6.624
9.228	6.642
9.255	6.633
9.281	6.740
9.308	6.842
9.335	6.731
9.361	6.638
9.388	6.676
9.414	6.715
9.441	6.719
9.468	6.722
9.494	6.914
9.521	7.222
9.547	7.194
9.574	7.172
9.601	7.299
9.627	7.391
9.654	7.176
9.680	7.045
9.707	7.369
9.733	7.480
9.760	7.375
9.787	7.317
9.813	7.317
9.840	7.616
9.866	7.878
9.893	7.520
9.920	7.557
9.946	7.468
9.973	7.253
9.999	7.405
10.026	7.832
10.053	8.013
10.079	7.952
10.106	7.819
10.132	7.932
10.159	7.876
10.186	7.720
10.212	7.588
10.239	7.654
10.265	7.833
10.292	8.084
10.319	7.898
10.345	7.986
10.372	7.977
10.398	8.072
10.425	8.093
10.452	7.887
10.478	7.828
10.505	7.864
10.531	7.754
10.558	8.133
10.585	8.656
10.611	8.717
10.638	8.778
10.664	8.642
10.691	8.453
10.717	8.362
10.744	7.828
10.771	7.837
10.797	8.242
10.824	8.609
10.850	8.620
10.877	8.489
10.904	8.690
10.930	8.679
10.957	8.332
10.983	8.525
11.010	8.464
11.037	8.534
11.063	8.523
11.090	8.803
11.116	9.082
11.143	8.962
11.170	8.987
11.196	9.427
11.223	9.145
11.249	8.806
11.276	8.830
11.303	8.792
11.329	8.466
11.356	8.724
11.382	8.812
11.409	9.038
11.436	9.349
11.462	9.344
11.489	9.432
11.515	9.611
11.542	9.806
11.568	9.925
11.595	9.459
11.622	9.056
11.648	9.032
11.675	9.462
11.701	9.627
11.728	9.478
11.755	9.636
11.781	9.711
11.808	9.523
11.834	9.505
11.861	9.446
11.888	9.475
11.914	9.602
11.941	9.833
11.967	10.011
11.994	10.036
12.021	9.806
12.047	9.701
12.074	10.013
12.100	10.093
12.127	10.043
12.154	10.272
12.180	10.563
12.207	10.358
12.233	10.077
12.260	10.305
12.287	10.226
12.313	10.088
12.340	10.206
12.366	10.538
12.393	10.722
12.420	10.315
12.446	10.211
12.473	10.713
12.499	10.884
12.526	10.767
12.552	10.520
12.579	10.504
12.606	10.873
12.632	11.145
12.659	10.677
12.685	10.618
12.712	10.616
12.739	10.634
12.765	10.640
12.792	10.394
12.818	10.344
12.845	10.471
12.872	10.647
12.898	10.832
12.925	10.853
12.951	10.841
12.978	11.057
13.005	11.007
13.031	10.772
13.058	10.694
13.084	10.600
13.111	11.020
13.138	11.192
13.164	11.018
13.191	10.896
13.217	11.373
13.244	11.513
13.271	11.401
13.297	11.233
13.324	11.634
13.350	11.403
13.377	11.131
13.403	11.215
13.430	11.276
13.457	11.176
13.483	11.088
13.510	11.188
13.536	11.290
13.563	11.203
13.590	11.082
13.616	11.217
13.643	11.323
13.669	11.527
13.696	11.928
13.723	12.009
13.749	12.194
13.776	11.849
13.802	11.586
13.829	11.633
13.856	11.880
13.882	11.491
13.909	11.590
13.935	11.708
13.962	12.652
13.989	12.496
14.015	12.041
14.042	12.113
14.068	12.292
14.095	12.082
14.122	12.016
14.148	11.891
14.175	12.093
14.201	11.857
14.228	12.011
14.255	12.565
14.281	12.444
14.308	12.145
14.334	12.203
14.361	12.461
14.387	12.796
14.414	12.629
14.441	12.441
14.467	12.593
14.494	12.724
14.520	12.694
14.547	12.735
14.574	12.396
14.600	12.792
14.627	13.052
14.653	13.192
14.680	13.138
14.707	13.138
14.733	12.998
14.760	13.052
14.786	12.855
14.813	13.077
14.840	12.875
14.866	12.839
14.893	13.185
14.919	13.237
14.946	13.332
14.973	13.722
14.999	13.462
15.026	13.581
15.052	14.156
15.079	14.125
15.106	13.556
15.132	13.283
15.159	13.629
15.185	14.188
15.212	13.801
15.238	13.939
15.265	14.022
15.292	14.163
15.318	14.041
15.345	14.072
15.371	13.962
15.398	13.996
15.425	13.758
15.451	13.901
15.478	14.070
15.504	14.233
15.531	14.453
15.558	14.522
15.584	13.977
15.611	14.014
15.637	14.276
15.664	14.679
15.691	14.357
15.717	13.991
15.744	14.194
15.770	14.602
15.797	14.803
15.824	14.842
15.850	14.679
15.877	15.149
15.903	15.088
15.930	14.867
15.957	14.771
15.983	14.995
16.010	15.151
16.036	15.011
16.063	14.642
16.090	14.686
16.116	14.772
16.143	15.113
16.169	15.351
16.196	15.192
16.222	15.272
16.249	15.837
16.276	15.480
16.302	15.502
16.329	15.728
16.355	15.871
16.382	15.726
16.409	15.717
16.435	15.935
16.462	16.127
16.488	15.676
16.515	15.599
16.542	15.140
16.568	15.425
16.595	15.943
16.621	16.007
16.648	16.106
16.675	16.577
16.701	16.701
16.728	16.806
16.754	16.321
16.781	16.142
16.808	16.342
16.834	16.233
16.861	16.138
16.887	16.658
16.914	16.864
16.941	17.197
16.967	17.229
16.994	17.043
17.020	17.210
17.047	17.274
17.074	17.478
17.100	17.733
17.127	17.620
17.153	18.007
17.180	18.014
17.206	17.679
17.233	17.615
17.260	18.090
17.286	18.116
17.313	18.014
17.339	17.826
17.366	18.108
17.393	17.991
17.419	17.814
17.446	17.970
17.472	17.966
17.499	18.036
17.526	18.642
17.552	18.789
17.579	18.849
17.605	18.839
17.632	18.875
17.659	19.271
17.685	19.047
17.712	18.504
17.738	18.505
17.765	18.435
17.792	18.328
17.818	18.108
17.845	18.249
17.871	18.896
17.898	19.149
17.925	19.233
17.951	19.778
17.978	19.681
18.004	19.848
18.031	19.674
18.057	19.400
18.084	19.428
18.111	19.973
18.137	20.108
18.164	20.158
18.190	19.971
18.217	20.237
18.244	20.174
18.270	19.953
18.297	19.665
18.323	19.821
18.350	20.208
18.377	20.529
18.403	20.337
18.430	20.457
18.456	20.398
18.483	20.274
18.510	20.373
18.536	20.842
18.563	21.452
18.589	21.711
18.616	21.109
18.643	21.174
18.669	21.301
18.696	21.290
18.722	20.869
18.749	20.548
18.776	20.579
18.802	20.882
18.829	21.364
18.855	21.713
18.882	21.434
18.909	21.430
18.935	21.805
18.962	22.136
18.988	21.805
19.015	21.923
19.041	22.106
19.068	22.608
19.095	22.072
19.121	21.579
19.148	21.894
19.174	22.233
19.201	22.183
19.228	22.455
19.254	22.466
19.281	22.597
19.307	22.844
19.334	22.841
19.361	23.231
19.387	23.349
19.414	23.045
19.440	22.957
19.467	22.857
19.494	23.065
19.520	23.287
19.547	23.384
19.573	23.457
19.600	23.697
19.627	23.507
19.653	23.290
19.680	23.416
19.706	23.609
19.733	23.504
19.760	23.934
19.786	24.063
19.813	24.061
19.839	24.428
19.866	24.781
19.892	24.315
19.919	24.100
19.946	23.882
19.972	24.267
19.999	24.916
20.025	24.962
20.052	24.937
20.079	25.036
20.105	24.701
20.132	24.826
20.158	24.916
20.185	25.312
20.212	25.401
20.238	25.418
20.265	25.156
20.291	25.369
20.318	25.414
20.345	25.568
20.371	25.611
20.398	25.582
20.424	25.504
20.451	25.333
20.478	25.326
20.504	25.534
20.531	25.665
20.557	26.143
20.584	26.034
20.611	26.213
20.637	26.511
20.664	26.756
20.690	26.670
20.717	26.649
20.744	25.962
20.770	26.251
20.797	26.839
20.823	27.100
20.850	26.697
20.876	26.120
20.903	26.267
20.930	26.866
20.956	26.896
20.983	26.789
21.009	26.995
21.036	27.258
21.063	27.115
21.089	26.910
21.116	26.803
21.142	26.943
21.169	26.695
21.196	27.133
21.222	27.342
21.249	27.663
21.275	27.710
21.302	27.459
21.329	27.590
21.355	27.690
21.382	27.731
21.408	28.020
21.435	27.916
21.462	27.891
21.488	28.337
21.515	28.305
21.541	28.297
21.568	28.674
21.595	28.486
21.621	28.733
21.648	28.889
21.674	28.866
21.701	28.823
21.727	28.819
21.754	29.054
21.781	29.023
21.807	28.830
21.834	29.090
21.860	29.367
21.887	29.480
21.914	29.380
21.940	29.090
21.967	29.059
21.993	29.885
22.020	30.253
22.047	30.566
22.073	30.199
22.100	30.177
22.126	30.557
22.153	30.548
22.180	30.516
22.206	30.694
22.233	31.004
22.259	31.337
22.286	31.430
22.313	31.357
22.339	31.471
22.366	31.398
22.392	31.276
22.419	31.559
22.446	31.554
22.472	31.832
22.499	31.738
22.525	31.624
22.552	31.876
22.579	32.400
22.605	32.471
22.632	32.638
22.658	32.220
22.685	32.367
22.711	32.846
22.738	33.229
22.765	32.853
22.791	32.812
22.818	33.061
22.844	33.174
22.871	32.923
22.898	32.824
22.924	33.000
22.951	33.344
22.977	33.552
23.004	33.894
23.031	33.934
23.057	34.276
23.084	33.894
23.110	34.063
23.137	34.233
23.164	34.032
23.190	33.797
23.217	33.763
23.243	34.122
23.270	34.914
23.297	34.565
23.323	34.441
23.350	34.323
23.376	34.582
23.403	34.821
23.430	34.656
23.456	34.627
23.483	34.781
23.509	34.767
23.536	34.690
23.562	34.910
23.589	35.181
23.616	35.461
23.642	35.382
23.669	35.396
23.695	35.830
23.722	35.891
23.749	36.133
23.775	36.215
23.802	36.294
23.828	36.541
23.855	36.599
23.882	36.683
23.908	36.769
23.935	36.228
23.961	36.217
23.988	36.774
24.015	37.201
24.041	37.138
24.068	36.663
24.094	36.615
24.121	37.118
24.148	37.435
24.174	37.486
24.201	37.446
24.227	37.853
24.254	38.348
24.281	38.179
24.307	37.751
24.334	37.927
24.360	38.197
24.387	38.260
24.414	38.281
24.440	38.367
24.467	38.647
24.493	38.774
24.520	38.688
24.546	38.932
24.573	38.903
24.600	39.226
24.626	39.194
24.653	39.222
24.679	39.686
24.706	40.122
24.733	40.247
24.759	40.323
24.786	40.041
24.812	40.468
24.839	40.737
24.866	40.584
24.892	40.280
24.919	40.251
24.945	40.418
24.972	40.959
24.999	40.608
25.025	40.719
25.052	41.185
25.078	41.735
25.105	41.595
25.132	41.057
25.158	40.873
25.185	41.149
25.211	41.246
25.238	41.482
25.265	41.634
25.291	42.256
25.318	42.665
25.344	42.247
25.371	41.851
25.397	42.027
25.424	42.340
25.451	42.618
25.477	42.557
25.504	42.613
25.530	42.828
25.557	42.937
25.584	43.206
25.610	43.842
25.637	43.695
25.663	43.885
25.690	44.149
25.717	44.160
25.743	44.045
25.770	44.131
25.796	44.344
25.823	44.536
25.850	44.292
25.876	44.407
25.903	44.478
25.929	44.482
25.956	44.756
25.983	44.953
26.009	45.195
26.036	45.254
26.062	45.063
26.089	45.254
26.116	45.509
26.142	45.590
26.169	45.930
26.195	46.032
26.222	46.287
26.249	46.353
26.275	46.224
26.302	46.864
26.328	46.935
26.355	46.912
26.381	47.161
26.408	47.066
26.435	47.122
26.461	47.355
26.488	47.548
26.514	47.833
26.541	47.821
26.568	47.785
26.594	47.789
26.621	47.892
26.647	48.025
26.674	48.375
26.701	48.518
26.727	48.871
26.754	48.982
26.780	48.792
26.807	48.814
26.834	48.672
26.860	48.737
26.887	49.332
26.913	49.321
26.940	49.319
26.967	49.710
26.993	49.961
27.020	50.102
27.046	50.047
27.073	50.081
27.100	50.262
27.126	50.314
27.153	50.493
27.179	50.618
27.206	50.932
27.233	51.140
27.259	51.274
27.286	51.692
27.312	52.258
27.339	52.007
27.365	51.996
27.392	52.047
27.419	52.179
27.445	52.326
27.472	52.319
27.498	52.335
27.525	52.428
27.552	52.478
27.578	53.007
27.605	53.102
27.631	52.937
27.658	53.262
27.685	53.294
27.711	53.439
27.738	53.970
27.764	53.944
27.791	54.237
27.818	54.134
27.844	54.176
27.871	54.695
27.897	54.789
27.924	54.817
27.951	55.199
27.977	55.206
28.004	55.428
28.030	55.409
28.057	55.550
28.084	55.590
28.110	55.638
28.137	55.568
28.163	55.643
28.190	55.754
28.216	56.165
28.243	56.315
28.270	56.694
28.296	56.849
28.323	57.002
28.349	57.043
28.376	57.310
28.403	56.826
28.429	56.853
28.456	57.194
28.482	57.532
28.509	57.606
28.536	57.434
28.562	57.631
28.589	57.977
28.615	58.038
28.642	58.048
28.669	58.079
28.695	58.271
28.722	58.670
28.748	58.652
28.775	58.722
28.802	59.082
28.828	59.495
28.855	60.061
28.881	59.762
28.908	59.704
28.935	60.073
28.961	60.328
28.988	60.414
29.014	60.471
29.041	60.185
29.068	60.174
29.094	60.398
29.121	60.708
29.147	61.034
29.174	60.993
29.200	61.109
29.227	61.482
29.254	61.464
29.280	61.884
29.307	61.738
29.333	61.654
29.360	62.186
29.387	62.246
29.413	62.165
29.440	62.340
29.466	62.582
29.493	63.056
29.520	63.183
29.546	63.009
29.573	63.310
29.599	63.529
29.626	63.704
29.653	63.744
29.679	63.828
29.706	64.360
29.732	64.335
29.759	64.360
29.786	64.593
29.812	64.907
29.839	65.099
29.865	65.351
29.892	65.201
29.919	65.701
29.945	65.835
29.972	66.260
29.998	66.246
30.025	65.928
30.051	66.203
30.078	66.658
30.105	66.742
30.131	66.765
30.158	66.703
30.184	66.939
30.211	67.606
30.238	67.805
30.264	67.724
30.291	67.851
30.317	67.803
30.344	68.116
30.371	68.321
30.397	68.360
30.424	68.735
30.450	69.047
30.477	69.041
30.504	69.177
30.530	69.127
30.557	69.382
30.583	69.448
30.610	69.581
30.637	70.068
30.663	70.032
30.690	70.203
30.716	70.604
30.743	70.330
30.770	70.559
30.796	70.962
30.823	71.428
30.849	71.573
30.876	71.652
30.903	71.826
30.929	72.289
30.956	72.170
30.982	72.204
31.009	72.238
31.035	72.595
31.062	72.848
31.089	72.706
31.115	72.681
31.142	73.197
31.168	73.186
31.195	73.622
31.222	73.742
31.248	74.143
31.275	74.289
31.301	74.435
31.328	74.935
31.355	75.201
31.381	75.188
31.408	75.478
31.434	75.518
31.461	75.600
31.488	75.690
31.514	75.651
31.541	75.500
31.567	75.989
31.594	76.176
31.621	76.428
31.647	76.722
31.674	77.099
31.700	77.246
31.727	77.602
31.754	77.815
31.780	78.077
31.807	77.432
31.833	77.663
31.860	77.944
31.886	78.045
31.913	78.518
31.940	78.815
31.966	79.125
31.993	79.582
32.019	79.394
32.046	79.475
32.073	79.450
32.099	79.699
32.126	79.878
32.152	79.993
32.179	80.145
32.206	80.522
32.232	80.366
32.259	80.654
32.285	80.495
32.312	80.613
32.339	81.147
32.365	81.600
32.392	81.453
32.418	81.403
32.445	81.421
32.472	81.884
32.498	81.618
32.525	81.640
32.551	82.065
32.578	82.539
32.605	82.556
32.631	82.685
32.658	82.609
32.684	82.986
32.711	83.158
32.738	83.226
32.764	83.330
32.791	83.231
32.817	83.134
32.844	83.477
32.870	83.554
32.897	83.928
32.924	84.547
32.950	84.892
32.977	84.986
33.003	84.821
33.030	84.885
33.057	85.143
33.083	85.211
33.110	85.412
33.136	85.595
33.163	85.927
33.190	86.102
33.216	85.957
33.243	86.138
33.269	86.640
33.296	87.018
33.323	87.351
33.349	87.145
33.376	87.059
33.402	87.425
33.429	87.482
33.456	87.480
33.482	87.891
33.509	87.636
33.535	87.625
33.562	87.876
33.589	88.643
33.615	88.803
33.642	88.435
33.668	88.573
33.695	89.324
33.721	89.106
33.748	89.287
33.775	89.428
33.801	89.538
33.828	89.694
33.854	89.998
33.881	90.271
33.908	90.434
33.934	90.091
33.961	90.263
33.987	90.686
34.014	91.000
34.041	90.835
34.067	90.461
34.094	90.733
34.120	91.134
34.147	91.093
34.174	91.425
34.200	91.839
34.227	92.063
34.253	92.414
34.280	92.573
34.307	92.149
34.333	92.486
34.360	92.271
34.386	92.640
34.413	92.306
34.440	92.211
34.466	92.787
34.493	93.077
34.519	93.104
34.546	93.477
34.573	93.532
34.599	93.952
34.626	94.095
34.652	94.106
34.679	94.435
34.705	94.357
34.732	94.337
34.759	95.061
34.785	95.154
34.812	95.124
34.838	95.197
34.865	95.457
34.892	95.435
34.918	95.195
34.945	95.106
34.971	95.303
34.998	95.294
35.025	95.224
35.051	95.505
35.078	95.927
35.104	96.108
35.131	96.005
35.158	96.170
35.184	96.668
35.211	96.604
35.237	96.884
35.264	97.326
35.291	97.769
35.317	97.833
35.344	97.548
35.370	97.697
35.397	98.274
35.424	98.220
35.450	98.502
35.477	98.608
35.503	98.762
35.530	98.869
35.556	98.792
35.583	98.935
35.610	99.391
35.636	99.183
35.663	99.143
35.689	99.122
35.716	99.314
35.743	99.699
35.769	99.676
35.796	99.713
35.822	100.233
35.849	100.509
35.876	100.797
35.902	100.658
35.929	100.697
35.955	100.977
35.982	101.020
36.009	101.244
36.035	101.758
36.062	101.966
36.088	102.079
36.115	101.998
36.142	102.392
36.168	102.563
36.195	102.792
36.221	103.099
36.248	103.312
36.275	102.928
36.301	103.038
36.328	103.262
36.354	103.392
36.381	103.409
36.408	103.550
36.434	103.943
36.461	104.507
36.487	104.351
36.514	104.412
36.540	104.441
36.567	104.556
36.594	104.685
36.620	104.480
36.647	104.305
36.673	104.683
36.700	104.977
36.727	105.405
36.753	105.724
36.780	105.892
36.806	106.160
36.833	106.346
36.860	106.400
36.886	106.708
36.913	106.308
36.939	106.299
36.966	106.292
36.993	106.620
37.019	106.921
37.046	106.763
37.072	106.797
37.099	107.206
37.126	107.538
37.152	107.740
37.179	108.152
37.205	108.366
37.232	108.204
37.259	108.319
37.285	108.609
37.312	108.873
37.338	108.649
37.365	108.848
37.392	108.846
37.418	109.057
37.445	109.348
37.471	109.832
37.498	109.971
37.524	109.950
37.551	110.013
37.578	110.419
37.604	110.516
37.631	110.507
37.657	110.590
37.684	110.324
37.711	110.480
37.737	111.093
37.764	111.276
37.790	111.840
37.817	111.729
37.844	111.507
37.870	112.027
37.897	112.047
37.923	111.523
37.950	111.478
37.977	111.511
38.003	112.014
38.030	112.179
38.056	112.168
38.083	112.326
38.110	112.452
38.136	112.572
38.163	112.884
38.189	112.711
38.216	112.703
38.243	112.706
38.269	112.987
38.296	113.154
38.322	113.276
38.349	113.407
38.375	113.643
38.402	113.668
38.429	113.867
38.455	113.939
38.482	113.873
38.508	113.857
38.535	114.038
38.562	113.950
38.588	114.197
38.615	114.254
38.641	114.430
38.668	114.756
38.695	115.177
38.721	115.439
38.748	115.410
38.774	115.421
38.801	115.708
38.828	115.410
38.854	115.919
38.881	116.108
38.907	116.106
38.934	115.871
38.961	115.846
38.987	116.152
39.014	116.649
39.040	116.600
39.067	116.665
39.094	116.595
39.120	116.706
39.147	117.179
39.173	117.389
39.200	117.305
39.227	117.333
39.253	117.342
39.280	117.729
39.306	117.566
39.333	117.419
39.359	117.649
39.386	117.713
39.413	117.887
39.439	118.453
39.466	118.609
39.492	118.333
39.519	118.375
39.546	118.405
39.572	118.348
39.599	118.409
39.625	118.400
39.652	118.416
39.679	118.590
39.705	118.959
39.732	119.557
39.758	119.774
39.785	119.396
39.812	119.011
39.838	119.081
39.865	119.378
39.891	119.296
39.918	119.430
39.945	119.627
39.971	120.113
39.998	120.246
40.024	120.138
40.051	119.970
40.078	120.038
40.104	119.835
40.131	120.233
40.157	120.244
40.184	120.272
40.210	120.683
40.237	120.688
40.264	120.498
40.290	120.660
40.317	120.602
40.343	121.106
40.370	121.289
40.397	121.310
40.423	121.520
40.450	121.651
40.476	121.629
40.503	121.826
40.530	121.538
40.556	121.645
40.583	121.710
40.609	121.912
40.636	121.996
40.663	121.747
40.689	121.787
40.716	122.059
40.742	121.971
40.769	122.260
40.796	122.206
40.822	122.229
40.849	122.373
40.875	122.213
40.902	122.434
40.929	122.849
40.955	123.108
40.982	123.453
41.008	123.539
41.035	123.443
41.062	122.987
41.088	122.737
41.115	122.769
41.141	122.989
41.168	122.697
41.194	122.796
41.221	123.249
41.248	123.681
41.274	123.776
41.301	123.652
41.327	123.717
41.354	123.821
41.381	123.620
41.407	123.482
41.434	123.591
41.460	124.007
41.487	124.118
41.514	124.122
41.540	124.167
41.567	124.177
41.593	124.306
41.620	124.466
41.647	124.514
41.673	124.572
41.700	124.959
41.726	124.876
41.753	124.541
41.780	124.690
41.806	124.704
41.833	124.871
41.859	124.986
41.886	125.143
41.913	125.129
41.939	124.830
41.966	124.690
41.992	124.978
42.019	125.222
42.045	125.462
42.072	125.511
42.099	125.513
42.125	125.625
42.152	125.683
42.178	125.925
42.205	126.179
42.232	125.814
42.258	126.116
42.285	126.489
42.311	126.434
42.338	125.898
42.365	126.032
42.391	126.131
42.418	126.328
42.444	125.955
42.471	126.011
42.498	126.093
42.524	126.360
42.551	126.679
42.577	126.660
42.604	126.597
42.631	126.742
42.657	126.754
42.684	126.778
42.710	126.651
42.737	126.756
42.764	126.887
42.790	126.514
42.817	126.480
42.843	127.041
42.870	126.996
42.897	126.991
42.923	126.880
42.950	127.045
42.976	127.109
43.003	127.106
43.029	127.385
43.056	127.855
43.083	127.681
43.109	127.586
43.136	127.491
43.162	127.493
43.189	127.686
43.216	127.667
43.242	127.611
43.269	127.941
43.295	127.767
43.322	127.839
43.349	128.002
43.375	128.020
43.402	127.953
43.428	127.778
43.455	127.769
43.482	127.862
43.508	127.978
43.535	128.172
43.561	128.163
43.588	128.160
43.615	128.276
43.641	128.283
43.668	128.323
43.694	128.710
43.721	128.254
43.748	128.109
43.774	128.396
43.801	128.806
43.827	128.661
43.854	128.563
43.880	128.928
43.907	129.294
43.934	128.959
43.960	129.034
43.987	129.111
44.013	129.032
44.040	128.842
44.067	128.828
44.093	128.959
44.120	129.129
44.146	129.224
44.173	129.168
44.200	129.240
44.226	129.251
44.253	129.109
44.279	128.934
44.306	128.824
44.333	128.930
44.359	128.853
44.386	129.056
44.412	129.340
44.439	129.461
44.466	129.355
44.492	129.378
44.519	129.439
44.545	129.602
44.572	129.642
44.599	129.486
44.625	129.299
44.652	129.335
44.678	129.412
44.705	129.462
44.732	129.597
44.758	129.681
44.785	129.423
44.811	129.586
44.838	129.504
44.864	129.432
44.891	129.482
44.918	129.493
44.944	129.484
44.971	129.656
44.997	129.892
45.024	129.624
45.051	129.593
45.077	129.600
45.104	129.514
45.130	129.423
45.157	129.554
45.184	129.622
45.210	129.450
45.237	129.237
45.263	129.466
45.290	129.720
45.317	129.554
45.343	129.434
45.370	129.539
45.396	129.763
45.423	129.742
45.450	129.572
45.476	129.642
45.503	129.882
45.529	130.090
45.556	129.993
45.583	129.935
45.609	130.014
45.636	130.034
45.662	129.973
45.689	129.862
45.715	129.823
45.742	129.996
45.769	130.138
45.795	130.018
45.822	129.903
45.848	129.765
45.875	129.957
45.902	130.156
45.928	130.167
45.955	130.007
45.981	130.116
46.008	130.283
46.035	130.265
46.061	130.102
46.088	129.925
46.114	130.009
46.141	130.177
46.168	130.310
46.194	130.419
46.221	130.704
46.247	130.840
46.274	130.418
46.301	130.226
46.327	130.366
46.354	130.636
46.380	130.613
46.407	130.514
46.434	130.484
46.460	130.629
46.487	130.667
46.513	130.597
46.540	130.697
46.567	130.823
46.593	130.634
46.620	130.437
46.646	130.441
46.673	130.590
46.699	130.396
46.726	130.556
46.753	130.674
46.779	130.819
46.806	130.706
46.832	130.294
46.859	130.222
46.886	130.550
46.912	130.604
46.939	130.794
46.965	130.873
46.992	130.817
47.019	130.762
47.045	130.749
47.072	130.821
47.098	131.054
47.125	130.973
47.152	130.668
47.178	130.844
47.205	131.206
47.231	131.276
47.258	131.346
47.285	131.219
47.311	131.278
47.338	131.063
47.364	131.023
47.391	131.050
47.418	131.179
47.444	131.197
47.471	131.011
47.497	130.894
47.524	131.086
47.550	131.125
47.577	131.274
47.604	131.274
47.630	131.287
47.657	131.319
47.683	131.599
47.710	131.876
47.737	131.754
47.763	131.505
47.790	131.608
47.816	131.432
47.843	131.172
47.870	131.208
47.896	131.222
47.923	131.179
47.949	131.228
47.976	131.444
48.003	131.656
48.029	131.694
48.056	131.511
48.082	131.274
48.109	131.222
48.136	131.441
48.162	131.394
48.189	131.452
48.215	131.538
48.242	131.389
48.269	131.389
48.295	131.581
48.322	131.685
48.348	131.410
48.375	131.082
48.402	131.242
48.428	131.487
48.455	131.491
48.481	131.353
48.508	131.513
48.534	131.520
48.561	131.317
48.588	131.177
48.614	131.294
48.641	131.557
48.667	131.735
48.694	131.428
48.721	131.337
48.747	131.636
48.774	131.428
48.800	131.190
48.827	131.102
48.854	131.077
48.880	131.400
48.907	131.647
48.933	131.461
48.960	131.167
48.987	131.226
49.013	131.697
49.040	131.660
49.066	131.418
49.093	131.312
49.120	131.495
49.146	131.699
49.173	131.921
49.199	131.875
49.226	131.586
49.253	131.507
49.279	131.602
49.306	131.611
49.332	131.444
49.359	131.430
49.386	131.459
49.412	131.464
49.439	131.432
49.465	131.283
49.492	131.215
49.518	131.339
49.545	131.423
49.572	131.573
49.598	131.697
49.625	131.642
49.651	131.590
49.678	131.480
49.705	131.443
49.731	131.280
49.758	131.452
49.784	131.496
49.811	131.323
49.838	131.509
49.864	131.996
49.891	131.744
49.917	131.634
49.944	131.398
49.971	131.484
49.997	131.763
50.024	131.602
50.050	131.301
50.077	131.160
50.104	131.418
50.130	131.405
50.157	131.299
50.183	131.188
50.210	131.396
50.237	131.645
50.263	131.823
50.290	131.971
50.316	131.971
50.343	131.921
50.369	131.799
50.396	131.625
50.423	131.563
50.449	131.706
50.476	131.756
50.502	131.692
50.529	131.362
50.556	131.448
50.582	131.495
50.609	131.376
50.635	131.262
50.662	131.349
50.689	131.400
50.715	131.496
50.742	131.563
50.768	131.989
50.795	131.918
50.822	131.785
50.848	131.887
50.875	131.875
50.901	131.760
50.928	131.573
50.955	131.468
50.981	131.608
51.008	131.319
51.034	130.982
51.061	131.081
51.088	131.487
51.114	131.681
51.141	131.633
51.167	131.256
51.194	131.369
51.221	131.254
51.247	131.136
51.274	131.195
51.300	131.075
51.327	131.124
51.353	131.328
51.380	131.416
51.407	131.461
51.433	131.369
51.460	131.229
51.486	131.385
51.513	131.606
51.540	131.287
51.566	131.005
51.593	131.066
51.619	130.923
51.646	130.959
51.673	130.980
51.699	130.950
51.726	130.747
51.752	130.774
51.779	130.869
51.806	131.047
51.832	130.851
51.859	130.797
51.885	131.050
51.912	131.419
51.939	131.344
51.965	131.023
51.992	131.170
52.018	131.149
52.045	130.962
52.072	130.763
52.098	130.776
52.125	130.833
52.151	130.803
52.178	130.785
52.204	130.959
52.231	130.624
52.258	130.647
52.284	130.785
52.311	130.860
52.337	130.930
52.364	131.011
52.391	130.921
52.417	130.851
52.444	131.022
52.470	131.122
52.497	131.002
52.524	130.889
52.550	130.903
52.577	130.952
52.603	130.667
52.630	130.600
52.657	130.518
52.683	130.629
52.710	130.577
52.736	130.409
52.763	130.668
52.790	130.842
52.816	130.799
52.843	130.688
52.869	130.660
52.896	130.798
52.923	130.756
52.949	130.670
52.976	130.717
53.002	130.826
53.029	130.686
53.056	130.405
53.082	130.106
53.109	130.138
53.135	130.256
53.162	130.319
53.188	130.333
53.215	130.362
53.242	130.382
53.268	130.439
53.295	130.638
53.321	130.407
53.348	130.260
53.375	130.210
53.401	130.353
53.428	130.269
53.454	130.348
53.481	130.530
53.508	130.633
53.534	130.324
53.561	130.226
53.587	130.240
53.614	130.213
53.641	129.987
53.667	130.052
53.694	130.444
53.720	130.466
53.747	130.520
53.774	130.306
53.800	130.002
53.827	129.901
53.853	129.955
53.880	130.039
53.907	130.073
53.933	130.179
53.960	130.052
53.986	130.081
54.013	130.170
54.039	130.088
54.066	129.989
54.093	129.979
54.119	130.054
54.146	129.724
54.172	129.496
54.199	129.500
54.226	129.837
54.252	130.022
54.279	130.027
54.305	130.045
54.332	130.004
54.359	130.056
54.385	129.790
54.412	129.629
54.438	129.683
54.465	129.738
54.492	129.762
54.518	129.817
54.545	129.792
54.571	129.771
54.598	129.590
54.625	129.486
54.651	129.491
54.678	129.545
54.704	129.629
54.731	129.477
54.758	129.557
54.784	129.530
54.811	129.604
54.837	129.480
54.864	129.441
54.891	129.746
54.917	129.771
54.944	129.504
54.970	129.375
54.997	129.240
55.023	129.314
55.050	129.342
55.077	129.600
55.103	129.694
55.130	129.201
55.156	128.943
55.183	129.213
55.210	129.514
55.236	129.125
55.263	128.746
55.289	128.977
55.316	129.536
55.343	129.441
55.369	129.115
55.396	128.919
55.422	128.973
55.449	129.246
55.476	129.022
55.502	128.733
55.529	128.803
55.555	128.866
55.582	128.887
55.609	128.921
55.635	128.862
55.662	128.719
55.688	128.808
55.715	128.927
55.742	128.866
55.768	128.769
55.795	128.703
55.821	128.581
55.848	128.444
55.874	128.634
55.901	128.649
55.928	128.464
55.954	128.771
55.981	129.000
56.007	128.896
56.034	128.692
56.061	128.789
56.087	128.742
56.114	128.405
56.140	128.452
56.167	128.746
56.194	128.545
56.220	128.362
56.247	128.566
56.273	128.552
56.300	128.769
56.327	128.819
56.353	128.588
56.380	128.324
56.406	128.224
56.433	128.190
56.460	128.172
56.486	128.099
56.513	128.213
56.539	128.306
56.566	128.407
56.593	128.220
56.619	128.116
56.646	128.208
56.672	128.545
56.699	128.394
56.726	128.113
56.752	128.154
56.779	128.213
56.805	128.021
56.832	127.887
56.858	127.860
56.885	127.814
56.912	127.708
56.938	127.860
56.965	128.066
56.991	128.043
57.018	127.785
57.045	127.771
57.071	127.715
57.098	127.536
57.124	127.244
57.151	127.342
57.178	127.233
57.204	126.977
57.231	126.987
57.257	127.152
57.284	127.407
57.311	127.645
57.337	127.332
57.364	127.125
57.390	127.181
57.417	127.190
57.444	127.059
57.470	127.029
57.497	127.330
57.523	127.400
57.550	127.328
57.577	127.018
57.603	127.023
57.630	127.355
57.656	127.271
57.683	126.964
57.709	126.792
57.736	126.758
57.763	126.984
57.789	126.762
57.816	126.561
57.842	126.532
57.869	126.733
57.896	126.927
57.922	126.873
57.949	126.681
57.975	126.663
58.002	126.919
58.029	127.095
58.055	126.857
58.082	126.563
58.108	126.466
58.135	126.340
58.162	126.340
58.188	126.401
58.215	126.430
58.241	126.348
58.268	126.133
58.295	126.210
58.321	126.237
58.348	126.093
58.374	125.961
58.401	126.093
58.428	126.140
58.454	126.400
58.481	126.502
58.507	126.283
58.534	126.009
58.561	125.771
58.587	125.767
58.614	125.645
58.640	125.539
58.667	125.504
58.693	125.593
58.720	125.548
58.747	125.507
58.773	125.706
58.800	125.930
58.826	125.869
58.853	125.694
58.880	125.496
58.906	125.203
58.933	125.172
58.959	125.407
58.986	125.297
59.013	125.102
59.039	125.039
59.066	125.210
59.092	125.170
59.119	124.914
59.146	124.789
59.172	124.867
59.199	124.860
59.225	124.751
59.252	124.400
59.279	124.670
59.305	124.697
59.332	124.586
59.358	124.559
59.385	124.785
59.412	124.516
59.438	124.448
59.465	124.088
59.491	124.391
59.518	124.289
59.545	123.986
59.571	124.140
59.598	124.355
59.624	124.274
59.651	124.199
59.677	123.839
59.704	123.871
59.731	123.706
59.757	123.733
59.784	123.941
59.810	123.824
59.837	123.643
59.864	123.588
59.890	123.430
59.917	123.409
59.943	123.301
59.970	123.337
59.997	123.186
60.023	122.918
60.050	123.014
60.076	123.384
60.103	122.977
60.130	122.961
60.156	122.857
60.183	122.919
60.209	123.154
60.236	123.206
60.263	123.217
60.289	123.247
60.316	122.840
60.342	123.172
60.369	123.398
60.396	123.116
60.422	122.744
60.449	122.525
60.475	122.505
60.502	122.547
60.528	122.104
60.555	122.043
60.582	122.014
60.608	122.281
60.635	122.538
60.661	122.301
60.688	122.151
60.715	122.448
60.741	122.165
60.768	122.120
60.794	121.910
60.821	121.966
60.848	122.004
60.874	121.401
60.901	121.020
60.927	121.319
60.954	121.529
60.981	121.640
61.007	121.548
61.034	121.480
61.060	121.663
61.087	121.600
61.114	121.384
61.140	121.427
61.167	121.201
61.193	121.208
61.220	121.086
61.247	120.995
61.273	121.118
61.300	120.918
61.326	120.670
61.353	120.787
61.380	120.704
61.406	120.647
61.433	120.543
61.459	120.561
61.486	120.570
61.512	120.317
61.539	120.063
61.566	120.095
61.592	119.839
61.619	119.862
61.645	119.769
61.672	119.661
61.699	119.699
61.725	119.715
61.752	119.806
61.778	119.891
61.805	119.729
61.832	119.505
61.858	119.369
61.885	119.238
61.911	119.099
61.938	118.952
61.965	118.860
61.991	118.840
62.018	118.876
62.044	119.172
62.071	119.007
62.098	118.633
62.124	118.806
62.151	119.043
62.177	118.934
62.204	118.652
62.231	118.303
62.257	118.545
62.284	118.489
62.310	118.093
62.337	118.048
62.363	118.066
62.390	117.919
62.417	117.934
62.443	117.509
62.470	117.660
62.496	117.853
62.523	117.665
62.550	117.453
62.576	117.502
62.603	117.509
62.629	117.642
62.656	117.260
62.683	117.392
62.709	117.199
62.736	117.203
62.762	117.246
62.789	117.034
62.816	116.806
62.842	116.706
62.869	116.656
62.895	116.706
62.922	116.738
62.949	116.744
62.975	116.643
63.002	116.487
63.028	116.369
63.055	116.520
63.082	116.425
63.108	116.233
63.135	116.104
63.161	115.987
63.188	116.149
63.215	116.063
63.241	115.959
63.268	116.018
63.294	115.690
63.321	115.887
63.347	115.771
63.374	115.582
63.401	115.586
63.427	115.522
63.454	115.444
63.480	115.477
63.507	115.082
63.534	115.075
63.560	114.873
63.587	115.007
63.613	115.009
63.640	114.919
63.667	114.704
63.693	114.581
63.720	114.683
63.746	114.864
63.773	114.991
63.800	114.742
63.826	114.550
63.853	114.565
63.879	114.409
63.906	114.118
63.933	113.765
63.959	113.892
63.986	113.977
64.012	113.760
64.039	113.613
64.066	113.903
64.092	113.984
64.119	113.901
64.145	113.428
64.172	113.568
64.198	113.292
64.225	113.082
64.252	112.884
64.278	112.747
64.305	112.776
64.331	112.735
64.358	112.441
64.385	112.552
64.411	112.398
64.438	112.188
64.464	112.122
64.491	111.948
64.518	111.835
64.544	111.663
64.571	111.215
64.597	110.957
64.624	110.661
64.651	110.642
64.677	110.980
64.704	111.176
64.730	111.152
64.757	111.213
64.784	110.796
64.810	111.165
64.837	110.903
64.863	110.470
64.890	110.287
64.917	110.002
64.943	109.887
64.970	109.720
64.996	109.629
65.023	109.805
65.050	109.681
65.076	109.502
65.103	109.568
65.129	109.613
65.156	109.416
65.182	109.129
65.209	108.910
65.236	108.674
65.262	108.362
65.289	108.253
65.315	108.199
65.342	108.030
65.369	107.953
65.395	108.134
65.422	108.054
65.448	108.072
65.475	107.860
65.502	107.552
65.528	107.425
65.555	107.737
65.581	107.717
65.608	107.529
65.635	107.296
65.661	107.606
65.688	107.629
65.714	107.265
65.741	106.978
65.768	106.713
65.794	106.507
65.821	106.606
65.847	106.195
65.874	106.100
65.901	105.871
65.927	105.840
65.954	105.747
65.980	105.321
66.007	105.263
66.034	105.315
66.060	105.143
66.087	105.195
66.113	104.934
66.140	104.579
66.166	104.554
66.193	104.493
66.220	104.256
66.246	104.251
66.273	103.901
66.299	103.941
66.326	104.161
66.353	104.246
66.379	103.826
66.406	103.464
66.432	103.303
66.459	103.547
66.486	103.380
66.512	103.353
66.539	103.081
66.565	102.941
66.592	103.045
66.619	102.857
66.645	102.688
66.672	102.674
66.698	102.240
66.725	102.581
66.752	102.611
66.778	102.478
66.805	102.314
66.831	101.955
66.858	101.568
66.885	101.532
66.911	101.448
66.938	101.690
66.964	101.597
66.991	101.244
67.017	101.267
67.044	101.299
67.071	101.109
67.097	100.998
67.124	100.428
67.150	100.265
67.177	99.842
67.204	100.072
67.230	100.459
67.257	100.022
67.283	99.690
67.310	100.075
67.337	99.989
67.363	99.819
67.390	99.206
67.416	99.039
67.443	99.210
67.470	98.740
67.496	98.274
67.523	98.437
67.549	98.513
67.576	98.581
67.603	98.152
67.629	97.948
67.656	98.203
67.682	98.009
67.709	97.554
67.736	97.332
67.762	97.312
67.789	97.362
67.815	97.213
67.842	97.425
67.868	97.478
67.895	97.269
67.922	97.043
67.948	97.314
67.975	97.362
68.001	97.346
68.028	96.729
68.055	96.418
68.081	96.251
68.108	96.550
68.134	96.151
68.161	95.615
68.188	95.047
68.214	95.206
68.241	95.192
68.267	94.894
68.294	94.633
68.321	94.620
68.347	94.792
68.374	94.916
68.400	94.240
68.427	94.319
68.454	94.262
68.480	93.934
68.507	93.471
68.533	93.242
68.560	93.170
68.587	93.367
68.613	92.892
68.640	93.195
68.666	93.314
68.693	92.828
68.720	92.588
68.746	92.615
68.773	92.373
68.799	92.167
68.826	91.747
68.852	92.072
68.879	91.982
68.906	91.652
68.932	91.353
68.959	90.873
68.985	90.629
69.012	90.921
69.039	90.935
69.065	91.054
69.092	90.516
69.118	90.425
69.145	90.369
69.172	90.165
69.198	89.720
69.225	89.471
69.251	89.136
69.278	89.289
69.305	88.778
69.331	88.362
69.358	88.518
69.384	88.923
69.411	88.810
69.438	88.692
69.464	88.539
69.491	88.539
69.517	88.310
69.544	88.120
69.571	88.158
69.597	88.005
69.624	87.670
69.650	87.848
69.677	87.797
69.703	87.398
69.730	86.864
69.757	86.848
69.783	87.203
69.810	86.939
69.836	86.667
69.863	86.918
69.890	86.765
69.916	86.622
69.943	86.186
69.969	86.134
69.996	86.134
70.023	85.903
70.049	85.502
70.076	85.746
70.102	85.627
70.129	85.660
70.156	85.427
70.182	85.305
70.209	85.238
70.235	85.068
70.262	84.642
70.289	84.921
70.315	84.608
70.342	84.378
70.368	83.812
70.395	83.866
70.422	84.084
70.448	84.063
70.475	83.728
70.501	83.887
70.528	83.706
70.555	83.613
70.581	83.090
70.608	82.634
70.634	82.573
70.661	82.513
70.687	82.430
70.714	82.509
70.741	81.984
70.767	81.785
70.794	81.645
70.820	81.735
70.847	81.554
70.874	81.258
70.900	81.342
70.927	81.448
70.953	81.260
70.980	80.758
71.007	80.240
71.033	80.231
71.060	80.487
71.086	80.280
71.113	79.751
71.140	79.625
71.166	79.276
71.193	79.290
71.219	79.009
71.246	78.826
71.273	78.545
71.299	78.382
71.326	78.308
71.352	78.444
71.379	78.036
71.406	77.849
71.432	77.688
71.459	77.475
71.485	77.421
71.512	77.443
71.539	77.208
71.565	77.014
71.592	76.634
71.618	76.789
71.645	76.636
71.671	76.403
71.698	76.330
71.725	76.516
71.751	76.543
71.778	76.048
71.804	75.668
71.831	75.523
71.858	75.140
71.884	75.303
71.911	75.504
71.937	75.109
71.964	74.842
71.991	74.762
72.017	74.274
72.044	74.489
72.070	74.260
72.097	74.256
72.124	74.154
72.150	74.158
72.177	73.928
72.203	73.909
72.230	73.129
72.257	73.360
72.283	73.292
72.310	72.978
72.336	72.450
72.363	72.099
72.390	71.846
72.416	71.937
72.443	71.896
72.469	71.814
72.496	71.737
72.522	71.584
72.549	71.384
72.576	71.371
72.602	71.435
72.629	71.375
72.655	70.652
72.682	70.645
72.709	70.536
72.735	70.548
72.762	70.188
72.788	69.833
72.815	69.500
72.842	69.278
72.868	69.188
72.895	69.226
72.921	69.050
72.948	68.832
72.975	68.767
73.001	68.971
73.028	68.593
73.054	68.751
73.081	68.118
73.108	68.068
73.134	67.681
73.161	67.543
73.187	67.317
73.214	67.208
73.241	66.826
73.267	66.840
73.294	66.470
73.320	66.746
73.347	66.810
73.374	66.613
73.400	66.349
73.427	66.310
73.453	66.353
73.480	66.065
73.506	65.570
73.533	65.439
73.560	65.183
73.586	64.910
73.613	64.937
73.639	64.984
73.666	64.728
73.693	64.624
73.719	64.430
73.746	64.629
73.772	64.281
73.799	63.975
73.826	63.812
73.852	63.717
73.879	63.371
73.905	63.269
73.932	63.027
73.959	62.986
73.985	62.880
74.012	63.181
74.038	63.310
74.065	62.719
74.092	62.183
74.118	62.149
74.145	61.875
74.171	61.590
74.198	61.332
74.225	61.482
74.251	61.606
74.278	61.391
74.304	61.059
74.331	60.953
74.357	60.486
74.384	60.478
74.411	60.088
74.437	59.713
74.464	59.810
74.490	59.923
74.517	59.742
74.544	59.998
74.570	59.466
74.597	59.152
74.623	58.686
74.650	58.799
74.677	58.887
74.703	58.462
74.730	58.140
74.756	58.337
74.783	58.315
74.810	58.529
74.836	58.615
74.863	58.380
74.889	58.091
74.916	57.848
74.943	57.629
74.969	57.581
74.996	56.927
75.022	57.052
75.049	56.647
75.076	56.720
75.102	56.522
75.129	56.023
75.155	55.747
75.182	55.939
75.209	55.731
75.235	55.475
75.262	55.276
75.288	55.269
75.315	55.206
75.341	55.172
75.368	54.905
75.395	54.685
75.421	54.581
75.448	55.054
75.474	54.749
75.501	54.421
75.528	54.378
75.554	54.509
75.581	54.471
75.607	53.991
75.634	53.473
75.661	53.579
75.687	53.480
75.714	53.133
75.740	52.937
75.767	52.884
75.794	52.471
75.820	52.416
75.847	51.996
75.873	52.038
75.900	51.729
75.927	51.631
75.953	51.909
75.980	52.084
76.006	51.823
76.033	51.613
76.060	51.140
76.086	51.423
76.113	50.982
76.139	50.627
76.166	50.484
76.192	50.305
76.219	50.043
76.246	50.210
76.272	50.068
76.299	49.760
76.325	49.428
76.352	49.401
76.379	49.708
76.405	49.785
76.432	49.509
76.458	49.416
76.485	49.201
76.512	49.369
76.538	49.373
76.565	49.134
76.591	48.801
76.618	48.683
76.645	48.459
76.671	48.358
76.698	47.846
76.724	47.751
76.751	47.622
76.778	47.525
76.804	47.772
76.831	48.030
76.857	47.991
76.884	48.131
76.911	47.385
76.937	47.624
76.964	47.566
76.990	47.378
77.017	47.274
77.044	47.308
77.070	46.783
77.097	46.781
77.123	46.455
77.150	46.681
77.176	46.339
77.203	46.030
77.230	45.625
77.256	45.443
77.283	45.143
77.309	45.077
77.336	45.065
77.363	45.317
77.389	44.986
77.416	44.905
77.442	44.885
77.469	44.631
77.496	44.529
77.522	44.489
77.549	44.278
77.575	44.323
77.602	44.177
77.629	44.052
77.655	43.866
77.682	43.853
77.708	43.685
77.735	43.579
77.762	43.057
77.788	43.016
77.815	42.695
77.841	42.577
77.868	42.884
77.895	43.228
77.921	43.201
77.948	43.004
77.974	42.717
78.001	42.875
78.027	42.631
78.054	42.283
78.081	42.143
78.107	42.056
78.134	41.937
78.160	41.975
78.187	41.566
78.214	41.586
78.240	41.441
78.267	41.428
78.293	41.534
78.320	41.636
78.347	41.262
78.373	41.142
78.400	40.894
78.426	40.871
78.453	40.504
78.480	40.206
78.506	40.201
78.533	40.249
78.559	40.211
78.586	40.084
78.613	40.002
78.639	39.957
78.666	39.898
78.692	39.855
78.719	39.821
78.746	39.294
78.772	38.910
78.799	38.907
78.825	38.959
78.852	39.068
78.879	39.073
78.905	39.339
78.932	39.258
78.958	38.871
78.985	38.548
79.011	38.812
79.038	38.416
79.065	38.627
79.091	38.238
79.118	37.903
79.144	37.898
79.171	37.557
79.198	37.219
79.224	37.403
79.251	37.131
79.277	37.004
79.304	36.914
79.331	37.188
79.357	36.950
79.384	36.509
79.410	36.392
79.437	36.581
79.464	36.303
79.490	36.746
79.517	36.704
79.543	36.812
79.570	36.328
79.597	35.941
79.623	35.925
79.650	36.459
79.676	36.043
79.703	35.900
79.730	35.545
79.756	35.502
79.783	35.382
79.809	35.039
79.836	34.749
79.863	35.224
79.889	34.826
79.916	34.608
79.942	34.507
79.969	34.613
79.995	34.418
80.022	34.048
80.049	34.004
80.075	34.382
80.102	34.278
80.128	34.407
80.155	34.455
80.182	34.367
80.208	33.873
80.235	33.525
80.261	33.672
80.288	34.194
80.315	33.346
80.341	33.045
80.368	33.090
80.394	33.360
80.421	33.213
80.448	32.756
80.474	32.217
80.501	32.360
80.527	32.263
80.554	32.281
80.581	32.201
80.607	32.317
80.634	32.396
80.660	32.308
80.687	32.020
80.714	32.129
80.740	31.634
80.767	31.418
80.793	31.351
80.820	31.199
80.846	31.197
80.873	31.466
80.900	31.443
80.926	31.271
80.953	30.998
80.979	31.470
81.006	31.407
81.033	30.860
81.059	30.706
81.086	30.744
81.112	30.421
81.139	30.357
81.166	29.851
81.192	30.125
81.219	29.885
81.245	29.656
81.272	29.349
81.299	29.102
81.325	29.005
81.352	29.459
81.378	29.149
81.405	29.439
81.432	29.613
81.458	29.391
81.485	28.991
81.511	28.713
81.538	28.597
81.565	28.683
81.591	28.742
81.618	29.129
81.644	28.796
81.671	28.412
81.698	28.222
81.724	27.857
81.751	27.563
81.777	27.677
81.804	28.057
81.830	28.885
81.857	28.901
81.884	28.459
81.910	28.140
81.937	27.848
81.963	27.577
81.990	27.602
82.017	27.502
82.043	27.652
82.070	27.749
82.096	27.561
82.123	27.360
82.150	27.093
82.176	27.018
82.203	27.011
82.229	26.953
82.256	26.966
82.283	26.703
82.309	26.765
82.336	26.991
82.362	27.025
82.389	26.744
82.416	26.389
82.442	25.946
82.469	25.615
82.495	25.332
82.522	25.552
82.549	25.948
82.575	25.869
82.602	25.720
82.628	25.799
82.655	25.518
82.681	25.539
82.708	25.030
82.735	24.939
82.761	25.176
82.788	25.631
82.814	25.464
82.841	25.396
82.868	25.099
82.894	25.211
82.921	25.047
82.947	24.708
82.974	24.421
83.001	24.066
83.027	23.905
83.054	24.134
83.080	24.048
83.107	23.780
83.134	23.620
83.160	23.966
83.187	24.201
83.213	23.801
83.240	23.595
83.267	24.052
83.293	24.000
83.320	23.977
83.346	23.529
83.373	23.482
83.400	23.817
83.426	23.760
83.453	23.477
83.479	23.179
83.506	22.772
83.533	23.210
83.559	23.220
83.586	22.987
83.612	22.756
83.639	22.686
83.665	22.921
83.692	23.156
83.719	22.654
83.745	22.667
83.772	22.575
83.798	22.909
83.825	22.946
83.852	22.613
83.878	22.099
83.905	22.077
83.931	22.077
83.958	22.358
83.985	22.131
84.011	21.742
84.038	21.991
84.064	22.070
84.091	21.618
84.118	21.566
84.144	21.305
84.171	21.432
84.197	21.385
84.224	21.471
84.251	21.634
84.277	21.532
84.304	21.577
84.330	21.939
84.357	21.480
84.384	21.143
84.410	21.073
84.437	21.328
84.463	20.821
84.490	20.857
84.516	20.826
84.543	20.783
84.570	20.495
84.596	20.522
84.623	20.599
84.649	21.011
84.676	21.192
84.703	20.907
84.729	20.231
84.756	20.091
84.782	20.041
84.809	20.281
84.836	20.179
84.862	19.982
84.889	19.756
84.915	19.487
84.942	19.543
84.969	19.703
84.995	19.351
85.022	19.708
85.048	20.016
85.075	19.828
85.102	19.401
85.128	19.496
85.155	19.728
85.181	19.754
85.208	19.181
85.235	19.326
85.261	19.154
85.288	18.927
85.314	18.871
85.341	18.771
85.368	18.425
85.394	18.305
85.421	18.609
85.447	18.962
85.474	18.785
85.500	18.676
85.527	19.086
85.554	19.265
85.580	18.615
85.607	17.977
85.633	18.011
85.660	18.285
85.687	18.151
85.713	17.808
85.740	17.980
85.766	18.226
85.793	17.914
85.820	17.651
85.846	17.441
85.873	17.964
85.899	18.022
85.926	17.996
85.953	17.661
85.979	17.778
86.006	17.636
86.032	17.559
86.059	17.165
86.086	17.341
86.112	17.369
86.139	17.457
86.165	17.473
86.192	17.172
86.219	16.860
86.245	16.996
86.272	16.638
86.298	16.369
86.325	16.281
86.351	16.244
86.378	16.260
86.405	15.851
86.431	15.681
86.458	16.206
86.484	16.387
86.511	16.514
86.538	16.296
86.564	16.289
86.591	16.036
86.617	15.643
86.644	15.726
86.671	15.903
86.697	15.844
86.724	16.086
86.750	16.118
86.777	16.323
86.804	15.828
86.830	15.769
86.857	15.676
86.883	15.582
86.910	15.290
86.937	15.276
86.963	15.224
86.990	15.167
87.016	15.342
87.043	15.950
87.070	16.027
87.096	15.577
87.123	14.394
87.149	14.416
87.176	14.717
87.203	14.987
87.229	14.590
87.256	14.659
87.282	14.763
87.309	15.041
87.335	14.489
87.362	14.002
87.389	13.987
87.415	14.201
87.442	14.032
87.468	13.903
87.495	14.120
87.522	14.344
87.548	14.292
87.575	14.371
87.601	14.229
87.628	13.980
87.655	13.749
87.681	13.746
87.708	13.387
87.734	13.319
87.761	13.186
87.788	13.830
87.814	13.772
87.841	13.652
87.867	13.267
87.894	13.235
87.921	13.333
87.947	13.582
87.974	13.129
88.000	13.041
88.027	12.509
88.054	12.450
88.080	12.452
88.107	12.794
88.133	12.823
88.160	13.127
88.187	12.901
88.213	13.014
88.240	12.851
88.266	12.658
88.293	12.668
88.319	12.864
88.346	12.771
88.373	13.057
88.399	12.765
88.426	12.862
88.452	12.957
88.479	12.955
88.506	12.511
88.532	12.290
88.559	12.538
88.585	12.461
88.612	12.154
88.639	12.611
88.665	12.875
88.692	12.993
88.718	12.219
88.745	11.948
88.772	12.108
88.798	12.167
88.825	12.025
88.851	11.885
88.878	11.794
88.905	12.156
88.931	12.301
88.958	12.025
88.984	12.099
89.011	12.450
89.038	11.746
89.064	11.690
89.091	11.880
89.117	11.989
89.144	11.735
89.170	11.955
89.197	11.901
89.224	11.898
89.250	11.384
89.277	11.326
89.303	11.688
89.330	11.849
89.357	11.724
89.383	11.651
89.410	11.509
89.436	11.557
89.463	11.118
89.490	11.176
89.516	11.113
89.543	11.362
89.569	11.285
89.596	10.939
89.623	10.830
89.649	10.808
89.676	10.814
89.702	10.695
89.729	11.124
89.756	11.439
89.782	11.167
89.809	10.984
89.835	11.183
89.862	11.206
89.889	10.573
89.915	10.737
89.942	11.186
89.968	11.027
89.995	10.504
90.021	10.654
90.048	10.756
90.075	10.792
90.101	10.462
90.128	10.412
90.154	10.315
90.181	10.210
90.208	10.391
90.234	10.384
90.261	10.116
90.287	10.000
90.314	9.971
90.341	10.278
90.367	10.349
90.394	10.276
90.420	10.185
90.447	10.188
90.474	9.916
90.500	9.814
90.527	9.647
90.553	9.645
90.580	10.038
90.607	10.495
90.633	10.504
90.660	10.079
90.686	9.792
90.713	10.014
90.740	9.335
90.766	9.262
90.793	9.305
90.819	9.505
90.846	9.541
90.873	9.455
90.899	9.545
90.926	9.525
90.952	9.323
90.979	9.590
91.005	9.661
91.032	9.437
91.059	9.457
91.085	9.738
91.112	9.668
91.138	9.765
91.165	9.073
91.192	8.928
91.218	8.876
91.245	8.921
91.271	8.797
91.298	8.812
91.325	9.215
91.351	9.448
91.378	8.939
91.404	8.903
91.431	9.032
91.458	9.278
91.484	9.199
91.511	8.866
91.537	8.737
91.564	8.586
91.591	8.615
91.617	8.878
91.644	8.873
91.670	8.871
91.697	9.204
91.724	9.462
91.750	9.362
91.777	8.844
91.803	8.392
91.830	8.695
91.857	8.860
91.883	8.724
91.910	8.667
91.936	8.869
91.963	8.866
91.989	8.790
92.016	7.953
92.043	7.892
92.069	8.292
92.096	8.495
92.122	8.323
92.149	8.238
92.176	8.004
92.202	7.857
92.229	7.677
92.255	7.982
92.282	8.081
92.309	8.154
92.335	8.410
92.362	8.505
92.388	8.441
92.415	8.122
92.442	7.692
92.468	7.767
92.495	7.833
92.521	8.005
92.548	8.281
92.575	8.082
92.601	7.858
92.628	7.932
92.654	7.855
92.681	7.823
92.708	7.758
92.734	7.688
92.761	7.683
92.787	7.946
92.814	7.833
92.840	7.504
92.867	7.299
92.894	7.407
92.920	7.502
92.947	7.432
92.973	7.722
93.000	7.921
93.027	7.968
93.053	7.973
93.080	8.013
93.106	8.471
93.133	8.140
93.160	7.238
93.186	6.973
93.213	7.539
93.239	7.973
93.266	8.090
93.293	7.303
93.319	7.532
93.346	7.511
93.372	7.247
93.399	7.027
93.426	7.088
93.452	7.217
93.479	7.396
93.505	7.244
93.532	7.333
93.559	7.389
93.585	7.238
93.612	7.306
93.638	7.516
93.665	7.410
93.692	7.421
93.718	6.984
93.745	6.767
93.771	6.642
93.798	7.050
93.824	7.606
93.851	7.457
93.878	7.120
93.904	7.120
93.931	7.172
93.957	7.140
93.984	7.188
94.011	7.305
94.037	7.127
94.064	6.928
94.090	7.057
94.117	7.283
94.144	6.961
94.170	6.600
94.197	6.247
94.223	6.285
94.250	6.760
94.277	7.188
94.303	7.366
94.330	7.167
94.356	6.654
94.383	7.131
94.410	7.066
94.436	6.746
94.463	6.502
94.489	6.418
94.516	6.552
94.543	6.559
94.569	6.625
94.596	6.944
94.622	7.129
94.649	7.292
94.675	7.005
94.702	6.765
94.729	6.457
94.755	6.335
94.782	6.435
94.808	6.389
94.835	6.746
94.862	6.708
94.888	6.656
94.915	6.815
94.941	6.297
94.968	6.027
94.995	5.885
95.021	6.348
95.048	6.339
95.074	6.091
95.101	6.043
95.128	6.228
95.154	6.382
95.181	6.108
95.207	6.267
95.234	6.719
95.261	6.735
95.287	6.353
95.314	6.332
95.340	6.828
95.367	6.903
95.394	6.604
95.420	6.253
95.447	6.382
95.473	6.382
95.500	6.297
95.527	6.091
95.553	5.935
95.580	5.729
95.606	5.878
95.633	6.154
95.659	6.394
95.686	6.412
95.713	6.158
95.739	6.100
95.766	5.980
95.792	5.676
95.819	5.624
95.846	5.392
95.872	5.283
95.899	5.462
95.925	5.464
95.952	5.711
95.979	6.079
96.005	6.403
96.032	6.185
96.058	5.556
96.085	5.792
96.112	5.880
96.138	5.627
96.165	5.435
96.191	5.711
96.218	5.735
96.245	5.685
96.271	5.733
96.298	6.014
96.324	5.570
96.351	5.432
96.378	5.690
96.404	5.824
96.431	5.848
96.457	5.547
96.484	5.416
96.510	5.548
96.537	5.692
96.564	5.575
96.590	5.323
96.617	5.507
96.643	5.735
96.670	5.584
96.697	5.238
96.723	5.624
96.750	5.849
96.776	5.744
96.803	5.599
96.830	5.611
96.856	5.744
96.883	5.769
96.909	5.253
96.936	5.215
96.963	5.348
96.989	5.676
97.016	5.944
97.042	5.710
97.069	5.308
97.096	5.303
97.122	5.462
97.149	5.642
97.175	5.930
97.202	6.050
97.229	5.851
97.255	5.561
97.282	5.559
97.308	5.683
97.335	5.410
97.362	5.351
97.388	5.308
97.415	5.539
97.441	5.566
97.468	5.081
97.494	4.869
97.521	5.151
97.548	5.287
97.574	5.550
97.601	5.708
97.627	5.541
97.654	5.093
97.681	5.023
97.707	5.278
97.734	5.556
97.760	5.358
97.787	5.269
97.814	5.324
97.840	5.170
97.867	4.740
97.893	4.957
97.920	4.894
97.947	4.690
97.973	4.663
98.000	5.018
98.026	5.382
98.053	5.242
98.080	5.041
98.106	5.228
98.133	5.287
98.159	5.054
98.186	4.701
98.213	4.720
98.239	4.629
98.266	4.507
98.292	4.466
98.319	4.695
98.345	5.022
98.372	5.262
98.399	4.754
98.425	4.570
98.452	4.616
98.478	4.717
98.505	4.290
98.532	3.955
98.558	4.134
98.585	4.195
98.611	4.315
98.638	4.914
98.665	5.222
98.691	5.140
98.718	4.935
98.744	4.959
98.771	4.615
98.798	4.358
98.824	3.989
98.851	3.903
98.877	4.009
98.904	4.077
98.931	4.262
98.957	4.357
98.984	4.348
99.010	4.638
99.037	4.396
99.064	4.389
99.090	4.511
99.117	4.303
99.143	4.301
99.170	4.412
99.197	4.391
99.223	4.048
99.250	3.887
99.276	4.192
99.303	4.428
99.329	4.672
99.356	4.620
99.383	4.446
99.409	4.357
99.436	4.240
99.462	4.466
99.489	4.636
99.516	3.991
99.542	3.753
99.569	4.070
99.595	4.247
99.622	4.301
99.649	4.099
99.675	3.785
99.702	4.154
99.728	4.502
99.755	4.509
99.782	4.011
99.808	3.676
99.835	3.803
99.861	4.000
99.888	3.778
99.915	3.806
99.941	3.934
99.968	4.149
99.994	4.260
100.021	4.427
100.048	4.387
100.074	4.084
100.101	3.620
100.127	3.987
100.154	3.722
100.181	3.604
100.207	4.007
100.234	4.256
100.260	4.262
100.287	4.240
100.313	3.901
100.340	3.910
100.367	3.652
100.393	3.470
100.420	3.385
100.446	3.452
100.473	3.776
100.500	3.923
100.526	3.332
100.553	3.552
100.579	3.991
100.606	3.882
100.633	3.296
100.659	3.677
100.686	4.177
100.712	3.704
100.739	3.358
100.766	3.806
100.792	3.763
100.819	3.522
100.845	3.330
100.872	3.409
100.899	3.824
100.925	3.939
100.952	3.290
100.978	3.262
101.005	3.570
101.032	3.622
101.058	3.369
101.085	3.468
101.111	3.869
101.138	3.846
101.164	3.744
101.191	3.912
101.218	4.054
101.244	3.772
101.271	3.339
101.297	3.575
