0.0000	2.505
0.0287	2.448
0.0575	2.474
0.0862	2.352
0.1149	2.226
0.1437	2.347
0.1724	2.521
0.2011	2.510
0.2299	2.708
0.2586	2.740
0.2874	2.625
0.3161	2.599
0.3448	2.748
0.3736	2.792
0.4023	2.439
0.4310	2.330
0.4598	2.285
0.4885	2.328
0.5172	2.681
0.5460	2.698
0.5747	2.469
0.6034	2.536
0.6322	2.719
0.6609	2.818
0.6897	2.569
0.7184	2.634
0.7471	2.780
0.7759	2.750
0.8046	2.708
0.8333	2.872
0.8621	2.944
0.8908	2.774
0.9195	2.675
0.9483	3.031
0.9770	3.094
1.0057	2.807
1.0345	2.767
1.0632	3.023
1.0920	2.986
1.1207	2.851
1.1494	2.748
1.1782	2.752
1.2069	2.821
1.2356	2.714
1.2644	2.715
1.2931	2.851
1.3218	3.014
1.3506	2.993
1.3793	2.594
1.4080	2.722
1.4368	3.099
1.4655	3.186
1.4943	2.950
1.5230	2.750
1.5517	2.905
1.5805	3.010
1.6092	2.925
1.6379	3.113
1.6667	3.083
1.6954	2.880
1.7241	2.825
1.7529	2.941
1.7816	3.068
1.8103	3.139
1.8391	2.983
1.8678	3.042
1.8966	2.993
1.9253	2.889
1.9540	3.083
1.9828	3.085
2.0115	3.012
2.0402	2.936
2.0690	2.950
2.0977	2.906
2.1264	2.858
2.1552	2.924
2.1839	3.030
2.2126	3.132
2.2414	3.203
2.2701	3.184
2.2989	3.224
2.3276	3.151
2.3563	3.165
2.3851	3.245
2.4138	3.356
2.4425	3.368
2.4713	3.319
2.5000	3.278
2.5287	3.127
2.5575	3.347
2.5862	3.422
2.6149	3.252
2.6437	3.156
2.6724	3.193
2.7011	3.191
2.7299	3.352
2.7586	3.321
2.7874	3.236
2.8161	3.366
2.8448	3.576
2.8736	3.628
2.9023	3.564
2.9310	3.519
2.9598	3.479
2.9885	3.125
3.0172	3.163
3.0460	3.361
3.0747	3.424
3.1034	3.410
3.1322	3.227
3.1609	3.238
3.1897	3.335
3.2184	3.500
3.2471	3.438
3.2759	3.323
3.3046	3.285
3.3333	3.429
3.3621	3.507
3.3908	3.550
3.4195	3.498
3.4483	3.113
3.4770	3.234
3.5057	3.505
3.5345	3.609
3.5632	3.729
3.5920	3.708
3.6207	3.913
3.6494	4.106
3.6782	3.911
3.7069	4.122
3.7356	3.905
3.7644	3.701
3.7931	3.559
3.8218	3.677
3.8506	3.642
3.8793	3.785
3.9080	4.085
3.9368	4.340
3.9655	4.339
3.9943	4.118
4.0230	3.915
4.0517	3.866
4.0805	3.663
4.1092	3.672
4.1379	3.564
4.1667	3.738
4.1954	3.589
4.2241	3.406
4.2529	3.642
4.2816	3.606
4.3103	3.660
4.3391	3.802
4.3678	4.031
4.3966	4.222
4.4253	4.092
4.4540	3.906
4.4828	3.993
4.5115	3.955
4.5402	3.736
4.5690	3.734
4.5977	3.519
4.6264	3.609
4.6552	3.856
4.6839	3.814
4.7126	3.710
4.7414	3.759
4.7701	3.915
4.7989	4.158
4.8276	4.099
4.8563	4.002
4.8851	3.844
4.9138	3.682
4.9425	3.523
4.9713	3.644
5.0000	3.845
5.0287	3.866
5.0575	3.828
5.0862	3.991
5.1149	3.970
5.1437	3.785
5.1724	3.793
5.2011	3.990
5.2299	4.193
5.2586	4.200
5.2874	3.967
5.3161	4.115
5.3448	4.146
5.3736	4.042
5.4023	3.979
5.4310	3.946
5.4598	4.023
5.4885	4.040
5.5172	4.217
5.5460	4.252
5.5747	4.535
5.6034	4.398
5.6322	4.448
5.6609	4.688
5.6897	5.010
5.7184	4.832
5.7471	4.259
5.7759	4.387
5.8046	4.564
5.8333	4.363
5.8621	3.938
5.8908	4.031
5.9195	4.314
5.9483	4.335
5.9770	3.964
6.0057	4.104
6.0345	4.123
6.0632	4.019
6.0920	4.196
6.1207	4.401
6.1494	4.757
6.1782	4.899
6.2069	4.635
6.2356	4.646
6.2644	4.543
6.2931	4.561
6.3218	4.693
6.3506	4.625
6.3793	4.649
6.4080	4.700
6.4368	4.444
6.4655	4.703
6.4943	4.757
6.5230	4.665
6.5517	4.455
6.5805	4.559
6.6092	4.688
6.6379	4.389
6.6667	4.278
6.6954	4.530
6.7241	4.741
6.7529	4.684
6.7816	4.627
6.8103	4.602
6.8391	4.828
6.8678	5.061
6.8966	4.847
6.9253	4.840
6.9540	5.062
6.9828	5.328
7.0115	5.345
7.0402	5.097
7.0690	4.938
7.0977	5.003
7.1264	5.068
7.1552	5.280
7.1839	5.502
7.2126	5.491
7.2414	5.172
7.2701	5.066
7.2989	5.312
7.3276	5.408
7.3563	5.337
7.3851	5.637
7.4138	5.651
7.4425	5.351
7.4713	5.163
7.5000	5.399
7.5287	5.569
7.5575	5.372
7.5862	5.201
7.6149	5.344
7.6437	5.271
7.6724	5.165
7.7011	5.439
7.7299	5.710
7.7586	5.658
7.7874	5.549
7.8161	5.198
7.8448	5.467
7.8736	5.556
7.9023	5.326
7.9310	5.542
7.9598	6.125
7.9885	6.411
8.0172	6.174
8.0460	5.800
8.0747	5.781
8.1034	5.755
8.1322	5.757
8.1609	5.729
8.1897	5.752
8.2184	5.819
8.2471	5.851
8.2759	5.592
8.3046	5.757
8.3333	5.783
8.3621	5.788
8.3908	6.179
8.4195	6.427
8.4483	6.330
8.4770	6.247
8.5057	5.792
8.5345	6.000
8.5632	6.161
8.5920	6.158
8.6207	6.156
8.6494	6.174
8.6782	6.247
8.7069	6.295
8.7356	6.266
8.7644	6.488
8.7931	6.733
8.8218	6.842
8.8506	6.531
8.8793	6.335
8.9080	6.365
8.9368	6.472
8.9655	6.297
8.9943	6.128
9.0230	6.328
9.0517	6.661
9.0805	6.837
9.1092	6.576
9.1379	6.373
9.1667	6.432
9.1954	6.410
9.2241	6.790
9.2529	6.936
9.2816	6.837
9.3103	6.983
9.3391	6.745
9.3678	6.502
9.3966	6.635
9.4253	6.410
9.4540	6.392
9.4828	6.392
9.5115	6.611
9.5402	6.872
9.5690	6.960
9.5977	7.090
9.6264	7.054
9.6552	7.106
9.6839	7.401
9.7126	7.384
9.7414	7.391
9.7701	7.549
9.7989	7.413
9.8276	7.220
9.8563	7.328
9.8851	7.108
9.9138	7.267
9.9425	7.465
9.9713	7.547
10.0000	7.458
10.0287	7.248
10.0575	7.354
10.0862	7.554
10.1149	7.623
10.1437	7.729
10.1724	7.948
10.2011	7.974
10.2299	8.033
10.2586	7.908
10.2874	7.851
10.3161	7.839
10.3448	7.689
10.3736	7.467
10.4023	7.486
10.4310	7.894
10.4598	8.264
10.4885	8.189
10.5172	8.014
10.5460	7.918
10.5747	8.179
10.6034	8.262
10.6322	8.229
10.6609	7.993
10.6897	8.132
10.7184	8.410
10.7471	8.502
10.7759	8.510
10.8046	8.271
10.8333	8.175
10.8621	8.177
10.8908	8.141
10.9195	8.170
10.9483	8.340
10.9770	8.490
11.0057	8.470
11.0345	8.363
11.0632	8.599
11.0920	8.670
11.1207	8.500
11.1494	8.413
11.1782	8.431
11.2069	8.575
11.2356	8.707
11.2644	8.852
11.2931	8.931
11.3218	8.814
11.3506	8.658
11.3793	8.835
11.4080	9.090
11.4368	9.101
11.4655	9.208
11.4943	9.135
11.5230	9.424
11.5517	9.701
11.5805	9.481
11.6092	9.071
11.6379	8.854
11.6667	8.993
11.6954	9.347
11.7241	9.240
11.7529	9.016
11.7816	9.009
11.8103	9.215
11.8391	9.368
11.8678	9.512
11.8966	9.628
11.9253	9.736
11.9540	9.762
11.9828	9.559
12.0115	9.490
12.0402	9.616
12.0690	10.028
12.0977	10.132
12.1264	10.134
12.1552	10.066
12.1839	10.066
12.2126	10.144
12.2414	10.097
12.2701	10.108
12.2989	10.325
12.3276	10.589
12.3563	10.616
12.3851	10.851
12.4138	10.255
12.4425	9.938
12.4713	9.608
12.5000	9.741
12.5287	10.188
12.5575	10.444
12.5862	10.620
12.6149	10.618
12.6437	10.601
12.6724	10.786
12.7011	10.573
12.7299	10.420
12.7586	10.693
12.7874	10.726
12.8161	10.731
12.8448	10.762
12.8736	10.828
12.9023	10.976
12.9310	11.151
12.9598	11.113
12.9885	11.130
13.0172	11.314
13.0460	11.474
13.0747	11.516
13.1034	11.174
13.1322	10.993
13.1609	11.184
13.1897	11.319
13.2184	11.448
13.2471	11.342
13.2759	11.273
13.3046	11.472
13.3333	11.222
13.3621	11.240
13.3908	11.340
13.4195	11.314
13.4483	11.382
13.4770	11.306
13.5057	10.892
13.5345	10.884
13.5632	11.111
13.5920	11.408
13.6207	11.474
13.6494	11.524
13.6782	12.056
13.7069	12.059
13.7356	11.842
13.7644	12.269
13.7931	11.872
13.8218	11.656
13.8506	11.533
13.8793	11.797
13.9080	12.102
13.9368	11.908
13.9655	11.667
13.9943	11.731
14.0230	11.828
14.0517	11.993
14.0805	12.144
14.1092	12.082
14.1379	12.054
14.1667	11.872
14.1954	12.043
14.2241	12.306
14.2529	12.194
14.2816	12.377
14.3103	12.696
14.3391	12.951
14.3678	13.118
14.3966	13.019
14.4253	12.898
14.4540	12.882
14.4828	12.724
14.5115	12.748
14.5402	12.656
14.5690	12.819
14.5977	13.281
14.6264	13.365
14.6552	13.297
14.6839	13.278
14.7126	13.233
14.7414	13.457
14.7701	13.552
14.7989	13.528
14.8276	13.731
14.8563	13.899
14.8851	13.821
14.9138	13.693
14.9425	13.408
14.9713	13.264
15.0000	13.688
15.0287	14.224
15.0575	14.212
15.0862	14.191
15.1149	14.311
15.1437	14.064
15.1724	13.821
15.2011	14.101
15.2299	14.345
15.2586	14.245
15.2874	14.288
15.3161	14.578
15.3448	14.873
15.3736	14.889
15.4023	14.300
15.4310	14.648
15.4598	14.915
15.4885	14.618
15.5172	14.344
15.5460	14.411
15.5747	14.717
15.6034	14.750
15.6322	14.488
15.6609	14.972
15.6897	14.891
15.7184	14.785
15.7471	15.135
15.7759	15.378
15.8046	15.589
15.8333	15.665
15.8621	15.186
15.8908	15.167
15.9195	14.837
15.9483	14.736
15.9770	15.080
16.0057	15.375
16.0345	15.493
16.0632	15.352
16.0920	15.526
16.1207	16.229
16.1494	16.267
16.1782	15.922
16.2069	15.887
16.2356	15.903
16.2644	16.062
16.2931	16.427
16.3218	15.821
16.3506	15.790
16.3793	16.215
16.4080	16.564
16.4368	16.302
16.4655	16.245
16.4943	16.252
16.5230	16.703
16.5517	16.389
16.5805	16.786
16.6092	16.556
16.6379	16.491
16.6667	16.663
16.6954	16.674
16.7241	16.361
16.7529	16.688
16.7816	16.606
16.8103	17.148
16.8391	17.366
16.8678	17.351
16.8966	17.724
16.9253	17.778
16.9540	17.438
16.9828	17.233
17.0115	17.227
17.0402	17.497
17.0690	17.724
17.0977	17.795
17.1264	17.814
17.1552	17.856
17.1839	18.188
17.2126	18.573
17.2414	18.269
17.2701	18.238
17.2989	18.149
17.3276	18.200
17.3563	18.615
17.3851	18.807
17.4138	18.868
17.4425	18.976
17.4713	18.762
17.5000	18.780
17.5287	18.788
17.5575	19.000
17.5862	19.396
17.6149	19.431
17.6437	19.069
17.6724	19.450
17.7011	19.392
17.7299	19.792
17.7586	19.663
17.7874	19.488
17.8161	19.790
17.8448	19.474
17.8736	19.050
17.9023	19.236
17.9310	19.740
17.9598	20.502
17.9885	20.167
18.0172	19.958
18.0460	20.231
18.0747	20.523
18.1034	20.295
18.1322	20.682
18.1609	20.703
18.1897	20.969
18.2184	20.844
18.2471	20.830
18.2759	20.866
18.3046	20.863
18.3333	21.036
18.3621	21.257
18.3908	21.062
18.4195	20.823
18.4483	20.825
18.4770	21.316
18.5057	21.557
18.5345	21.285
18.5632	21.076
18.5920	21.526
18.6207	21.733
18.6494	21.582
18.6782	21.280
18.7069	21.604
18.7356	22.200
18.7644	22.323
18.7931	22.075
18.8218	22.207
18.8506	22.146
18.8793	22.594
18.9080	22.672
18.9368	22.410
18.9655	22.594
18.9943	23.024
19.0230	23.144
19.0517	23.094
19.0805	23.061
19.1092	23.444
19.1379	23.769
19.1667	23.632
19.1954	23.163
19.2241	23.354
19.2529	23.649
19.2816	23.760
19.3103	23.521
19.3391	23.655
19.3678	23.708
19.3966	23.792
19.4253	24.040
19.4540	24.036
19.4828	23.991
19.5115	24.434
19.5402	24.625
19.5690	24.644
19.5977	24.632
19.6264	24.675
19.6552	24.852
19.6839	24.766
19.7126	24.710
19.7414	24.844
19.7701	24.910
19.7989	25.194
19.8276	25.325
19.8563	25.519
19.8851	25.620
19.9138	26.009
19.9425	26.156
19.9713	26.373
20.0000	26.000
20.0287	25.965
20.0575	25.974
20.0862	26.208
20.1149	26.628
20.1437	26.863
20.1724	26.773
20.2011	26.826
20.2299	26.658
20.2586	27.134
20.2874	27.361
20.3161	27.321
20.3448	27.601
20.3736	27.677
20.4023	27.714
20.4310	28.030
20.4598	28.005
20.4885	27.719
20.5172	27.710
20.5460	27.819
20.5747	28.465
20.6034	28.757
20.6322	28.726
20.6609	28.729
20.6897	28.490
20.7184	28.858
20.7471	29.243
20.7759	29.306
20.8046	29.186
20.8333	29.104
20.8621	29.163
20.8908	29.345
20.9195	29.148
20.9483	29.467
20.9770	29.547
21.0057	29.479
21.0345	29.523
21.0632	29.455
21.0920	29.465
21.1207	30.019
21.1494	30.094
21.1782	30.106
21.2069	30.061
21.2356	30.467
21.2644	30.986
21.2931	31.198
21.3218	31.148
21.3506	31.139
21.3793	31.007
21.4080	31.038
21.4368	31.259
21.4655	31.597
21.4943	32.002
21.5230	31.783
21.5517	31.727
21.5805	32.141
21.6092	32.125
21.6379	32.064
21.6667	31.830
21.6954	31.967
21.7241	32.530
21.7529	32.752
21.7816	32.507
21.8103	32.625
21.8391	32.616
21.8678	32.733
21.8966	32.800
21.9253	33.255
21.9540	33.366
21.9828	33.201
22.0115	33.285
22.0402	33.790
22.0690	33.837
22.0977	33.976
22.1264	34.144
22.1552	34.328
22.1839	34.300
22.2126	34.127
22.2414	34.285
22.2701	34.830
22.2989	34.790
22.3276	35.142
22.3563	35.120
22.3851	35.245
22.4138	35.262
22.4425	35.182
22.4713	35.321
22.5000	35.634
22.5287	35.474
22.5575	35.597
22.5862	35.854
22.6149	35.925
22.6437	35.865
22.6724	35.806
22.7011	36.030
22.7299	36.307
22.7586	36.319
22.7874	36.689
22.8161	36.901
22.8448	37.207
22.8736	37.406
22.9023	37.368
22.9310	37.477
22.9598	37.830
22.9885	37.802
23.0172	37.865
23.0460	37.915
23.0747	38.035
23.1034	38.526
23.1322	38.618
23.1609	38.778
23.1897	39.101
23.2184	39.101
23.2471	39.191
23.2759	38.983
23.3046	39.089
23.3333	39.578
23.3621	39.892
23.3908	40.302
23.4195	40.446
23.4483	40.405
23.4770	40.651
23.5057	40.571
23.5345	40.432
23.5632	40.793
23.5920	40.733
23.6207	40.580
23.6494	40.818
23.6782	41.365
23.7069	41.920
23.7356	42.330
23.7644	42.097
23.7931	41.924
23.8218	41.993
23.8506	41.944
23.8793	41.979
23.9080	41.726
23.9368	42.064
23.9655	42.766
23.9943	43.071
24.0230	43.170
24.0517	43.057
24.0805	43.094
24.1092	43.566
24.1379	43.401
24.1667	43.649
24.1954	44.078
24.2241	44.260
24.2529	44.349
24.2816	44.222
24.3103	44.172
24.3391	44.372
24.3678	44.339
24.3966	44.979
24.4253	45.411
24.4540	45.549
24.4828	45.967
24.5115	45.814
24.5402	45.566
24.5690	45.934
24.5977	46.010
24.6264	46.464
24.6552	46.502
24.6839	46.391
24.7126	46.752
24.7414	46.823
24.7701	46.559
24.7989	46.547
24.8276	46.748
24.8563	47.214
24.8851	47.351
24.9138	47.592
24.9425	48.087
24.9713	48.017
25.0000	48.115
25.0287	48.417
25.0575	48.443
25.0862	48.594
25.1149	48.615
25.1437	48.729
25.1724	49.167
25.2011	49.731
25.2299	49.993
25.2586	49.774
25.2874	49.814
25.3161	50.205
25.3448	50.538
25.3736	50.667
25.4023	50.905
25.4310	50.898
25.4598	51.227
25.4885	51.724
25.5172	51.264
25.5460	51.297
25.5747	51.274
25.6034	51.557
25.6322	52.219
25.6609	52.340
25.6897	52.530
25.7184	53.003
25.7471	53.043
25.7759	52.993
25.8046	53.002
25.8333	53.278
25.8621	54.012
25.8908	54.271
25.9195	54.319
25.9483	54.521
25.9770	54.406
26.0057	54.429
26.0345	54.670
26.0632	54.970
26.0920	55.293
26.1207	55.304
26.1494	55.415
26.1782	55.868
26.2069	55.901
26.2356	55.990
26.2644	56.023
26.2931	56.241
26.3218	56.510
26.3506	56.224
26.3793	56.163
26.4080	56.509
26.4368	56.946
26.4655	57.181
26.4943	57.708
26.5230	58.193
26.5517	58.481
26.5805	58.387
26.6092	58.686
26.6379	59.123
26.6667	59.484
26.6954	59.807
26.7241	59.776
26.7529	59.686
26.7816	59.858
26.8103	60.208
26.8391	60.201
26.8678	60.311
26.8966	60.425
26.9253	60.727
26.9540	60.906
26.9828	61.108
27.0115	61.415
27.0402	61.273
27.0690	61.266
27.0977	61.630
27.1264	61.872
27.1552	62.311
27.1839	62.172
27.2126	61.908
27.2414	62.057
27.2701	62.203
27.2989	62.252
27.3276	62.491
27.3563	62.880
27.3851	63.113
27.4138	63.311
27.4425	63.462
27.4713	63.868
27.5000	64.181
27.5287	64.663
27.5575	65.064
27.5862	64.903
27.6149	65.259
27.6437	65.300
27.6724	64.965
27.7011	65.215
27.7299	65.714
27.7586	66.007
27.7874	66.285
27.8161	66.017
27.8448	66.590
27.8736	67.125
27.9023	67.347
27.9310	67.273
27.9598	67.085
27.9885	67.450
28.0172	67.901
28.0460	68.030
28.0747	68.184
28.1034	68.188
28.1322	68.146
28.1609	68.595
28.1897	68.708
28.2184	68.816
28.2471	69.116
28.2759	69.892
28.3046	70.181
28.3333	70.479
28.3621	70.807
28.3908	71.017
28.4195	70.983
28.4483	71.550
28.4770	72.040
28.5057	71.962
28.5345	72.182
28.5632	72.234
28.5920	72.384
28.6207	72.693
28.6494	73.050
28.6782	73.365
28.7069	73.708
28.7356	73.757
28.7644	73.873
28.7931	74.071
28.8218	74.337
28.8506	74.785
28.8793	74.811
28.9080	75.142
28.9368	75.575
28.9655	75.882
28.9943	76.113
29.0230	76.266
29.0517	76.575
29.0805	76.807
29.1092	77.028
29.1379	77.139
29.1667	77.165
29.1954	77.264
29.2241	77.686
29.2529	77.832
29.2816	77.750
29.3103	77.885
29.3391	77.911
29.3678	77.913
29.3966	77.920
29.4253	77.962
29.4540	78.608
29.4828	79.337
29.5115	79.446
29.5402	79.536
29.5690	79.842
29.5977	80.337
29.6264	80.771
29.6552	80.778
29.6839	81.359
29.7126	81.948
29.7414	82.507
29.7701	83.123
29.7989	83.361
29.8276	83.201
29.8563	83.229
29.8851	83.262
29.9138	83.465
29.9425	83.908
29.9713	83.967
30.0000	84.056
30.0287	84.368
30.0575	84.868
30.0862	85.099
30.1149	85.134
30.1437	85.274
30.1724	85.352
30.2011	85.519
30.2299	85.913
30.2586	86.090
30.2874	86.319
30.3161	86.568
30.3448	86.653
30.3736	86.889
30.4023	87.188
30.4310	87.328
30.4598	87.731
30.4885	88.031
30.5172	88.422
30.5460	88.780
30.5747	89.174
30.6034	89.585
30.6322	89.799
30.6609	89.950
30.6897	90.238
30.7184	90.189
30.7471	90.191
30.7759	90.516
30.8046	90.491
30.8333	90.943
30.8621	91.168
30.8908	91.094
30.9195	91.580
30.9483	91.847
30.9770	91.943
31.0057	92.405
31.0345	92.661
31.0632	93.273
31.0920	93.722
31.1207	93.872
31.1494	93.750
31.1782	93.556
31.2069	93.726
31.2356	94.198
31.2644	94.281
31.2931	94.497
31.3218	94.672
31.3506	94.882
31.3793	95.274
31.4080	95.556
31.4368	95.521
31.4655	95.477
31.4943	95.583
31.5230	96.148
31.5517	96.257
31.5805	96.401
31.6092	96.752
31.6379	96.854
31.6667	96.965
31.6954	97.589
31.7241	97.757
31.7529	98.438
31.7816	98.731
31.8103	99.028
31.8391	99.396
31.8678	99.264
31.8966	99.304
31.9253	99.595
31.9540	99.691
31.9828	99.771
32.0115	100.111
32.0402	100.512
32.0690	100.703
32.0977	100.760
32.1264	101.000
32.1552	101.332
32.1839	101.819
32.2126	102.267
32.2414	102.523
32.2701	102.562
32.2989	102.946
32.3276	103.128
32.3563	102.991
32.3851	103.040
32.4138	103.179
32.4425	103.661
32.4713	103.814
32.5000	103.944
32.5287	104.884
32.5575	105.340
32.5862	105.191
32.6149	105.773
32.6437	105.901
32.6724	106.257
32.7011	106.512
32.7299	106.613
32.7586	106.786
32.7874	106.773
32.8161	106.786
32.8448	107.130
32.8736	107.361
32.9023	107.528
32.9310	107.594
32.9598	108.087
32.9885	108.686
33.0172	109.043
33.0460	109.241
33.0747	109.198
33.1034	109.309
33.1322	109.389
33.1609	109.455
33.1897	109.884
33.2184	110.149
33.2471	110.120
33.2759	110.229
33.3046	110.575
33.3333	110.620
33.3621	111.066
33.3908	111.476
33.4195	111.667
33.4483	111.773
33.4770	111.845
33.5057	112.203
33.5345	112.764
33.5632	112.866
33.5920	113.406
33.6207	113.818
33.6494	113.852
33.6782	113.625
33.7069	113.443
33.7356	113.698
33.7644	114.299
33.7931	114.259
33.8218	114.561
33.8506	114.649
33.8793	114.847
33.9080	115.333
33.9368	115.766
33.9655	115.877
33.9943	115.878
34.0230	115.965
34.0517	116.304
34.0805	116.884
34.1092	117.312
34.1379	117.432
34.1667	117.514
34.1954	117.556
34.2241	117.816
34.2529	118.217
34.2816	118.689
34.3103	118.649
34.3391	118.550
34.3678	119.288
34.3966	119.559
34.4253	119.432
34.4540	119.773
34.4828	119.885
34.5115	120.108
34.5402	120.148
34.5690	120.462
34.5977	120.826
34.6264	121.021
34.6552	121.477
34.6839	121.882
34.7126	121.905
34.7414	122.545
34.7701	122.731
34.7989	122.427
34.8276	122.391
34.8563	122.569
34.8851	122.689
34.9138	122.851
34.9425	122.969
34.9713	123.290
35.0000	123.903
35.0287	124.260
35.0575	124.307
35.0862	124.288
35.1149	124.434
35.1437	124.790
35.1724	124.790
35.2011	125.137
35.2299	125.493
35.2586	125.958
35.2874	126.260
35.3161	126.373
35.3448	126.453
35.3736	126.720
35.4023	126.682
35.4310	127.266
35.4598	127.642
35.4885	127.812
35.5172	128.142
35.5460	128.493
35.5747	128.701
35.6034	128.922
35.6322	128.918
35.6609	129.307
35.6897	129.335
35.7184	129.222
35.7471	129.266
35.7759	129.538
35.8046	129.769
35.8333	129.934
35.8621	130.115
35.8908	130.559
35.9195	130.938
35.9483	131.458
35.9770	131.578
36.0057	131.535
36.0345	131.550
36.0632	131.965
36.0920	131.865
36.1207	132.387
36.1494	132.689
36.1782	132.875
36.2069	132.816
36.2356	132.665
36.2644	132.807
36.2931	133.328
36.3218	133.595
36.3506	133.592
36.3793	133.814
36.4080	134.240
36.4368	134.625
36.4655	134.780
36.4943	134.550
36.5230	134.569
36.5517	134.597
36.5805	135.109
36.6092	134.957
36.6379	135.028
36.6667	135.365
36.6954	135.583
36.7241	135.833
36.7529	136.215
36.7816	136.380
36.8103	136.479
36.8391	136.766
36.8678	137.097
36.8966	137.226
36.9253	137.097
36.9540	137.068
36.9828	137.191
37.0115	137.139
37.0402	137.293
37.0690	137.387
37.0977	137.733
37.1264	137.965
37.1552	137.938
37.1839	137.908
37.2126	138.245
37.2414	138.455
37.2701	138.470
37.2989	138.113
37.3276	138.194
37.3563	138.660
37.3851	139.073
37.4138	139.017
37.4425	139.036
37.4713	139.217
37.5000	139.644
37.5287	139.622
37.5575	139.953
37.5862	140.554
37.6149	140.616
37.6437	140.333
37.6724	140.694
37.7011	141.149
37.7299	141.406
37.7586	141.161
37.7874	140.788
37.8161	140.733
37.8448	141.253
37.8736	141.609
37.9023	141.710
37.9310	141.757
37.9598	141.828
37.9885	141.852
38.0172	141.974
38.0460	142.224
38.0747	142.330
38.1034	142.257
38.1322	142.460
38.1609	142.347
38.1897	142.627
38.2184	142.986
38.2471	143.312
38.2759	143.715
38.3046	143.828
38.3333	143.644
38.3621	144.012
38.3908	144.175
38.4195	144.358
38.4483	144.217
38.4770	144.325
38.5057	144.861
38.5345	144.889
38.5632	144.707
38.5920	145.069
38.6207	145.146
38.6494	145.281
38.6782	145.205
38.7069	145.281
38.7356	145.469
38.7644	145.717
38.7931	145.804
38.8218	145.983
38.8506	146.210
38.8793	146.380
38.9080	146.227
38.9368	146.264
38.9655	146.549
38.9943	146.682
39.0230	146.550
39.0517	146.802
39.0805	147.014
39.1092	147.417
39.1379	147.372
39.1667	147.660
39.1954	148.071
39.2241	148.212
39.2529	148.259
39.2816	148.764
39.3103	148.759
39.3391	148.970
39.3678	149.017
39.3966	149.082
39.4253	149.345
39.4540	149.547
39.4828	149.540
39.5115	149.661
39.5402	149.483
39.5690	149.807
39.5977	150.042
39.6264	150.316
39.6552	150.326
39.6839	150.486
39.7126	150.809
39.7414	151.210
39.7701	150.807
39.7989	150.792
39.8276	151.083
39.8563	151.384
39.8851	151.168
39.9138	151.155
39.9425	151.446
39.9713	151.858
40.0000	151.743
40.0287	151.880
40.0575	151.920
40.0862	152.120
40.1149	152.116
40.1437	152.425
40.1724	152.594
40.2011	152.649
40.2299	152.811
40.2586	153.108
40.2874	153.118
40.3161	152.967
40.3448	153.090
40.3736	153.377
40.4023	153.373
40.4310	153.285
40.4598	153.149
40.4885	153.148
40.5172	153.135
40.5460	153.415
40.5747	153.743
40.6034	153.866
40.6322	153.984
40.6609	154.285
40.6897	154.156
40.7184	154.236
40.7471	154.252
40.7759	154.535
40.8046	154.660
40.8333	154.908
40.8621	155.122
40.8908	155.448
40.9195	155.411
40.9483	155.620
40.9770	155.359
41.0057	155.314
41.0345	155.498
41.0632	155.720
41.0920	155.826
41.1207	156.050
41.1494	155.708
41.1782	155.934
41.2069	156.283
41.2356	156.495
41.2644	156.469
41.2931	156.497
41.3218	156.514
41.3506	156.389
41.3793	156.406
41.4080	156.651
41.4368	156.694
41.4655	156.898
41.4943	156.997
41.5230	157.156
41.5517	157.271
41.5805	157.491
41.6092	157.352
41.6379	157.464
41.6667	157.667
41.6954	157.800
41.7241	157.870
41.7529	157.965
41.7816	157.957
41.8103	158.038
41.8391	158.191
41.8678	158.530
41.8966	158.613
41.9253	158.639
41.9540	158.608
41.9828	158.634
42.0115	158.715
42.0402	158.920
42.0690	158.720
42.0977	158.847
42.1264	158.832
42.1552	159.052
42.1839	159.030
42.2126	159.219
42.2414	159.441
42.2701	159.564
42.2989	159.276
42.3276	159.352
42.3563	159.512
42.3851	159.780
42.4138	159.965
42.4425	160.023
42.4713	160.083
42.5000	160.498
42.5287	160.352
42.5575	160.380
42.5862	160.285
42.6149	160.540
42.6437	160.566
42.6724	160.507
42.7011	160.625
42.7299	160.743
42.7586	160.569
42.7874	160.637
42.8161	160.663
42.8448	160.825
42.8736	160.724
42.9023	160.726
42.9310	160.852
42.9598	160.934
42.9885	161.095
43.0172	161.255
43.0460	161.288
43.0747	161.181
43.1034	161.116
43.1322	161.288
43.1609	161.365
43.1897	161.415
43.2184	160.967
43.2471	160.976
43.2759	161.219
43.3046	161.453
43.3333	161.550
43.3621	161.793
43.3908	161.806
43.4195	161.944
43.4483	161.474
43.4770	161.526
43.5057	161.826
43.5345	161.944
43.5632	161.630
43.5920	161.727
43.6207	162.092
43.6494	162.155
43.6782	161.865
43.7069	161.866
43.7356	161.639
43.7644	161.799
43.7931	162.071
43.8218	162.071
43.8506	162.083
43.8793	162.273
43.9080	162.106
43.9368	162.118
43.9655	162.217
43.9943	162.196
44.0230	162.038
44.0517	162.082
44.0805	162.233
44.1092	162.340
44.1379	161.955
44.1667	162.097
44.1954	162.168
44.2241	162.345
44.2529	162.535
44.2816	162.688
44.3103	162.526
44.3391	162.375
44.3678	162.549
44.3966	162.766
44.4253	162.594
44.4540	162.363
44.4828	162.509
44.5115	162.613
44.5402	162.460
44.5690	162.439
44.5977	162.599
44.6264	162.806
44.6552	162.752
44.6839	162.781
44.7126	162.986
44.7414	163.266
44.7701	163.295
44.7989	163.052
44.8276	162.738
44.8563	162.929
44.8851	162.977
44.9138	163.071
44.9425	163.240
44.9713	163.155
45.0000	163.009
45.0287	163.064
45.0575	162.988
45.0862	163.196
45.1149	163.056
45.1437	162.951
45.1724	163.160
45.2011	163.290
45.2299	163.283
45.2586	163.302
45.2874	163.339
45.3161	163.359
45.3448	163.201
45.3736	163.080
45.4023	163.196
45.4310	163.434
45.4598	163.387
45.4885	163.354
45.5172	163.535
45.5460	163.484
45.5747	163.533
45.6034	163.564
45.6322	163.618
45.6609	163.698
45.6897	163.700
45.7184	163.542
45.7471	163.174
45.7759	163.080
45.8046	163.307
45.8333	163.411
45.8621	163.090
45.8908	163.175
45.9195	163.481
45.9483	163.483
45.9770	163.457
46.0057	163.601
46.0345	163.519
46.0632	163.368
46.0920	163.552
46.1207	163.651
46.1494	163.399
46.1782	163.337
46.2069	163.517
46.2356	163.536
46.2644	163.564
46.2931	163.691
46.3218	163.660
46.3506	163.599
46.3793	163.578
46.4080	163.634
46.4368	163.465
46.4655	163.387
46.4943	163.979
46.5230	164.302
46.5517	163.877
46.5805	163.568
46.6092	163.533
46.6379	163.562
46.6667	163.510
46.6954	163.512
46.7241	163.384
46.7529	163.391
46.7816	163.488
46.8103	163.630
46.8391	163.578
46.8678	163.474
46.8966	163.517
46.9253	163.651
46.9540	163.667
46.9828	163.557
47.0115	163.420
47.0402	163.396
47.0690	163.436
47.0977	163.493
47.1264	163.399
47.1552	163.359
47.1839	163.583
47.2126	163.809
47.2414	163.583
47.2701	163.380
47.2989	163.488
47.3276	163.427
47.3563	163.594
47.3851	163.510
47.4138	163.616
47.4425	163.448
47.4713	163.429
47.5000	163.623
47.5287	163.439
47.5575	163.344
47.5862	163.210
47.6149	163.337
47.6437	163.378
47.6724	163.238
47.7011	163.127
47.7299	163.210
47.7586	163.280
47.7874	163.215
47.8161	163.280
47.8448	163.451
47.8736	163.519
47.9023	163.491
47.9310	163.446
47.9598	163.380
47.9885	163.175
48.0172	162.955
48.0460	163.085
48.0747	163.167
48.1034	163.057
48.1322	163.052
48.1609	163.066
48.1897	163.028
48.2184	163.021
48.2471	162.976
48.2759	162.825
48.3046	162.776
48.3333	162.790
48.3621	162.870
48.3908	162.882
48.4195	162.844
48.4483	162.845
48.4770	162.880
48.5057	162.641
48.5345	162.516
48.5632	162.559
48.5920	162.668
48.6207	162.674
48.6494	162.618
48.6782	162.750
48.7069	162.910
48.7356	162.410
48.7644	162.158
48.7931	162.181
48.8218	162.363
48.8506	162.521
48.8793	162.524
48.9080	162.477
48.9368	162.590
48.9655	162.530
48.9943	162.594
49.0230	162.542
49.0517	162.481
49.0805	162.825
49.1092	162.859
49.1379	162.653
49.1667	162.293
49.1954	162.035
49.2241	162.014
49.2529	162.125
49.2816	162.280
49.3103	162.264
49.3391	162.141
49.3678	162.106
49.3966	162.083
49.4253	161.856
49.4540	161.786
49.4828	161.771
49.5115	161.818
49.5402	161.809
49.5690	161.740
49.5977	161.941
49.6264	161.929
49.6552	161.875
49.6839	161.964
49.7126	161.946
49.7414	161.859
49.7701	161.819
49.7989	161.622
49.8276	161.458
49.8563	161.498
49.8851	161.505
49.9138	161.484
49.9425	161.337
49.9713	161.057
50.0000	161.014
50.0287	161.026
50.0575	161.177
50.0862	161.214
50.1149	161.148
50.1437	161.205
50.1724	161.385
50.2011	160.998
50.2299	160.908
50.2586	161.024
50.2874	161.144
50.3161	161.226
50.3448	160.839
50.3736	160.559
50.4023	160.464
50.4310	160.547
50.4598	160.521
50.4885	160.450
50.5172	160.536
50.5460	160.592
50.5747	160.679
50.6034	160.653
50.6322	160.481
50.6609	160.101
50.6897	160.054
50.7184	159.962
50.7471	159.847
50.7759	159.613
50.8046	159.780
50.8333	159.828
50.8621	159.658
50.8908	159.333
50.9195	159.299
50.9483	159.436
50.9770	159.509
51.0057	159.262
51.0345	159.226
51.0632	159.194
51.0920	159.182
51.1207	158.965
51.1494	158.793
51.1782	158.653
51.2069	158.595
51.2356	158.503
51.2644	158.576
51.2931	158.432
51.3218	158.571
51.3506	158.691
51.3793	158.668
51.4080	158.526
51.4368	158.521
51.4655	158.278
51.4943	157.901
51.5230	157.840
51.5517	157.816
51.5805	157.535
51.6092	157.628
51.6379	157.681
51.6667	157.554
51.6954	157.368
51.7241	157.425
51.7529	157.302
51.7816	157.299
51.8103	157.274
51.8391	157.401
51.8678	157.163
51.8966	157.170
51.9253	157.247
51.9540	156.878
51.9828	156.681
52.0115	156.743
52.0402	156.554
52.0690	156.424
52.0977	156.351
52.1264	156.286
52.1552	156.342
52.1839	156.262
52.2126	156.132
52.2414	155.915
52.2701	155.641
52.2989	155.604
52.3276	155.358
52.3563	155.470
52.3851	155.319
52.4138	155.087
52.4425	155.059
52.4713	155.193
52.5000	155.243
52.5287	155.234
52.5575	155.010
52.5862	154.795
52.6149	154.667
52.6437	154.531
52.6724	154.497
52.7011	154.509
52.7299	154.420
52.7586	154.319
52.7874	154.234
52.8161	154.304
52.8448	154.170
52.8736	153.835
52.9023	153.807
52.9310	153.941
52.9598	153.740
52.9885	153.448
53.0172	153.179
53.0460	153.189
53.0747	153.186
53.1034	153.392
53.1322	153.203
53.1609	153.095
53.1897	152.807
53.2184	152.863
53.2471	152.885
53.2759	152.790
53.3046	152.668
53.3333	152.576
53.3621	152.493
53.3908	152.295
53.4195	152.194
53.4483	152.250
53.4770	151.865
53.5057	151.472
53.5345	151.280
53.5632	151.481
53.5920	151.420
53.6207	151.210
53.6494	150.847
53.6782	150.778
53.7069	150.438
53.7356	150.314
53.7644	150.432
53.7931	150.328
53.8218	150.128
53.8506	149.872
53.8793	149.554
53.9080	149.731
53.9368	149.738
53.9655	149.174
53.9943	148.686
54.0230	148.566
54.0517	148.712
54.0805	148.957
54.1092	148.759
54.1379	148.398
54.1667	148.009
54.1954	148.003
54.2241	148.056
54.2529	147.908
54.2816	147.832
54.3103	147.837
54.3391	147.663
54.3678	147.568
54.3966	147.424
54.4253	147.141
54.4540	146.908
54.4828	147.003
54.5115	147.024
54.5402	146.950
54.5690	146.863
54.5977	146.913
54.6264	146.778
54.6552	146.550
54.6839	145.991
54.7126	145.995
54.7414	145.962
54.7701	145.575
54.7989	145.559
54.8276	145.719
54.8563	145.399
54.8851	145.155
54.9138	145.132
54.9425	144.991
54.9713	144.658
55.0000	144.589
55.0287	144.641
55.0575	144.665
55.0862	144.561
55.1149	144.405
55.1437	144.087
55.1724	143.964
55.2011	143.818
55.2299	143.740
55.2586	143.627
55.2874	143.521
55.3161	143.165
55.3448	142.991
55.3736	143.069
55.4023	142.953
55.4310	142.778
55.4598	142.491
55.4885	142.238
55.5172	142.188
55.5460	142.127
55.5747	142.045
55.6034	142.102
55.6322	142.194
55.6609	142.227
55.6897	142.005
55.7184	141.705
55.7471	141.372
55.7759	141.050
55.8046	140.995
55.8333	140.776
55.8621	140.618
55.8908	140.448
55.9195	140.615
55.9483	140.722
55.9770	140.602
56.0057	140.208
56.0345	139.993
56.0632	139.948
56.0920	139.748
56.1207	139.724
56.1494	139.547
56.1782	139.184
56.2069	139.267
56.2356	139.304
56.2644	138.887
56.2931	138.722
56.3218	138.438
56.3506	138.264
56.3793	138.188
56.4080	138.095
56.4368	137.826
56.4655	137.538
56.4943	137.484
56.5230	137.476
56.5517	137.259
56.5805	136.885
56.6092	136.599
56.6379	136.585
56.6667	136.642
56.6954	136.498
56.7241	136.161
56.7529	135.943
56.7816	135.618
56.8103	135.901
56.8391	135.840
56.8678	135.592
56.8966	135.507
56.9253	134.948
56.9540	134.582
56.9828	134.665
57.0115	134.188
57.0402	133.759
57.0690	133.155
57.0977	132.882
57.1264	133.023
57.1552	133.087
57.1839	132.913
57.2126	132.625
57.2414	132.443
57.2701	132.434
57.2989	132.491
57.3276	132.257
57.3563	131.934
57.3851	131.604
57.4138	131.411
57.4425	131.422
57.4713	131.255
57.5000	131.193
57.5287	130.910
57.5575	130.530
57.5862	130.335
57.6149	130.194
57.6437	129.865
57.6724	129.927
57.7011	129.646
57.7299	129.526
57.7586	129.410
57.7874	129.247
57.8161	129.208
57.8448	128.979
57.8736	128.764
57.9023	128.608
57.9310	128.161
57.9598	128.106
57.9885	128.123
58.0172	127.892
58.0460	127.479
58.0747	127.278
58.1034	127.274
58.1322	127.014
58.1609	126.826
58.1897	126.835
58.2184	126.554
58.2471	126.448
58.2759	126.247
58.3046	125.991
58.3333	125.644
58.3621	125.219
58.3908	124.960
58.4195	124.946
58.4483	125.085
58.4770	124.840
58.5057	124.635
58.5345	124.517
58.5632	124.396
58.5920	124.240
58.6207	123.745
58.6494	123.240
58.6782	123.007
58.7069	123.106
58.7356	122.972
58.7644	122.373
58.7931	121.698
58.8218	121.415
58.8506	121.337
58.8793	121.252
58.9080	120.759
58.9368	120.627
58.9655	120.712
58.9943	120.432
59.0230	120.078
59.0517	120.125
59.0805	120.019
59.1092	119.811
59.1379	119.559
59.1667	119.347
59.1954	119.252
59.2241	118.531
59.2529	118.062
59.2816	117.887
59.3103	117.891
59.3391	117.851
59.3678	117.337
59.3966	116.747
59.4253	116.611
59.4540	116.677
59.4828	116.389
59.5115	116.010
59.5402	115.457
59.5690	115.719
59.5977	115.795
59.6264	115.443
59.6552	114.950
59.6839	114.602
59.7126	114.599
59.7414	114.424
59.7701	113.859
59.7989	113.951
59.8276	113.990
59.8563	113.840
59.8851	113.788
59.9138	113.602
59.9425	112.981
59.9713	112.550
60.0000	112.653
60.0287	112.200
60.0575	111.247
60.0862	111.167
60.1149	111.550
60.1437	111.253
60.1724	110.870
60.2011	110.946
60.2299	110.618
60.2586	110.375
60.2874	109.854
60.3161	109.512
60.3448	109.250
60.3736	108.708
60.4023	108.422
60.4310	108.333
60.4598	108.151
60.4885	108.087
60.5172	107.615
60.5460	107.161
60.5747	107.339
60.6034	107.061
60.6322	106.309
60.6609	106.306
60.6897	106.226
60.7184	106.214
60.7471	105.743
60.7759	105.566
60.8046	105.543
60.8333	105.411
60.8621	105.302
60.8908	105.045
60.9195	104.316
60.9483	104.141
60.9770	104.101
61.0057	103.964
61.0345	103.521
61.0632	103.082
61.0920	103.153
61.1207	103.257
61.1494	102.950
61.1782	102.786
61.2069	102.635
61.2356	102.410
61.2644	102.250
61.2931	102.047
61.3218	101.573
61.3506	101.484
61.3793	101.531
61.4080	101.408
61.4368	101.292
61.4655	101.017
61.4943	100.354
61.5230	100.061
61.5517	99.913
61.5805	99.854
61.6092	99.068
61.6379	98.781
61.6667	98.394
61.6954	98.155
61.7241	97.865
61.7529	97.743
61.7816	97.531
61.8103	97.644
61.8391	97.365
61.8678	97.736
61.8966	97.542
61.9253	97.234
61.9540	97.019
61.9828	97.174
62.0115	97.200
62.0402	96.861
62.0690	96.160
62.0977	96.247
62.1264	96.137
62.1552	95.571
62.1839	94.769
62.2126	94.498
62.2414	93.870
62.2701	93.663
62.2989	92.967
62.3276	92.851
62.3563	92.517
62.3851	92.561
62.4138	92.738
62.4425	92.806
62.4713	92.429
62.5000	92.372
62.5287	91.571
62.5575	91.748
62.5862	91.483
62.6149	91.007
62.6437	90.684
62.6724	90.694
62.7011	90.807
62.7299	90.780
62.7586	90.148
62.7874	90.243
62.8161	90.108
62.8448	89.814
62.8736	89.509
62.9023	89.130
62.9310	88.608
62.9598	88.524
62.9885	88.095
63.0172	88.033
63.0460	87.625
63.0747	87.312
63.1034	87.116
63.1322	86.800
63.1609	86.649
63.1897	86.797
63.2184	86.358
63.2471	86.075
63.2759	85.712
63.3046	85.378
63.3333	85.212
63.3621	85.104
63.3908	84.812
63.4195	84.568
63.4483	84.085
63.4770	84.174
63.5057	83.903
63.5345	83.719
63.5632	83.212
63.5920	82.986
63.6207	82.795
63.6494	82.990
63.6782	82.597
63.7069	82.493
63.7356	82.505
63.7644	82.578
63.7931	81.700
63.8218	81.479
63.8506	81.342
63.8793	81.344
63.9080	80.767
63.9368	80.835
63.9655	80.967
63.9943	80.894
64.0230	80.132
64.0517	79.998
64.0805	80.049
64.1092	80.035
64.1379	78.964
64.1667	79.102
64.1954	79.288
64.2241	78.981
64.2529	78.382
64.2816	78.255
64.3103	77.905
64.3391	77.559
64.3678	77.155
64.3966	77.387
64.4253	77.062
64.4540	76.703
64.4828	76.595
64.5115	76.425
64.5402	76.217
64.5690	76.333
64.5977	75.950
64.6264	75.608
64.6552	75.615
64.6839	75.611
64.7126	75.311
64.7414	74.924
64.7701	74.587
64.7989	74.377
64.8276	73.998
64.8563	74.524
64.8851	74.153
64.9138	73.733
64.9425	73.361
64.9713	73.278
65.0000	73.240
65.0287	72.812
65.0575	72.137
65.0862	71.969
65.1149	72.021
65.1437	72.054
65.1724	71.424
65.2011	70.830
65.2299	70.608
65.2586	70.885
65.2874	70.517
65.3161	70.172
65.3448	69.568
65.3736	69.530
65.4023	69.535
65.4310	69.116
65.4598	68.889
65.4885	69.012
65.5172	68.655
65.5460	68.628
65.5747	68.342
65.6034	68.312
65.6322	67.783
65.6609	67.509
65.6897	67.337
65.7184	67.712
65.7471	67.050
65.7759	66.972
65.8046	66.837
65.8333	66.554
65.8621	66.399
65.8908	66.127
65.9195	65.719
65.9483	65.667
65.9770	65.538
66.0057	65.575
66.0345	65.410
66.0632	65.146
66.0920	64.830
66.1207	64.740
66.1494	64.411
66.1782	64.059
66.2069	63.366
66.2356	63.738
66.2644	63.549
66.2931	63.266
66.3218	63.214
66.3506	62.910
66.3793	62.323
66.4080	62.193
66.4368	61.691
66.4655	61.589
66.4943	60.840
66.5230	61.012
66.5517	61.328
66.5805	60.948
66.6092	60.564
66.6379	60.769
66.6667	60.696
66.6954	60.290
66.7241	59.962
66.7529	59.722
66.7816	59.441
66.8103	58.974
66.8391	58.639
66.8678	58.660
66.8966	58.325
66.9253	57.917
66.9540	57.854
66.9828	57.878
67.0115	57.399
67.0402	57.052
67.0690	56.590
67.0977	56.535
67.1264	56.106
67.1552	56.073
67.1839	55.872
67.2126	55.703
67.2414	55.566
67.2701	55.509
67.2989	55.377
67.3276	55.363
67.3563	54.931
67.3851	55.038
67.4138	54.764
67.4425	54.370
67.4713	54.375
67.5000	54.502
67.5287	53.972
67.5575	53.797
67.5862	53.767
67.6149	53.868
67.6437	53.283
67.6724	52.747
67.7011	52.931
67.7299	53.170
67.7586	52.941
67.7874	52.760
67.8161	52.026
67.8448	52.142
67.8736	52.054
67.9023	51.696
67.9310	51.399
67.9598	51.299
67.9885	50.932
68.0172	50.884
68.0460	50.550
68.0747	50.747
68.1034	50.405
68.1322	49.852
68.1609	49.925
68.1897	49.941
68.2184	49.474
68.2471	49.781
68.2759	49.384
68.3046	49.314
68.3333	49.335
68.3621	49.017
68.3908	48.653
68.4195	48.519
68.4483	48.186
68.4770	48.090
68.5057	47.740
68.5345	47.635
68.5632	47.248
68.5920	46.997
68.6207	47.030
68.6494	47.135
68.6782	46.932
68.7069	46.722
68.7356	46.266
68.7644	46.458
68.7931	46.220
68.8218	45.793
68.8506	45.557
68.8793	45.543
68.9080	45.372
68.9368	45.061
68.9655	44.806
68.9943	45.082
69.0230	44.812
69.0517	44.486
69.0805	44.656
69.1092	44.799
69.1379	44.464
69.1667	44.417
69.1954	44.024
69.2241	43.594
69.2529	42.856
69.2816	42.609
69.3103	42.960
69.3391	42.899
69.3678	42.474
69.3966	42.693
69.4253	42.823
69.4540	43.382
69.4828	42.870
69.5115	42.505
69.5402	42.422
69.5690	42.611
69.5977	42.288
69.6264	42.071
69.6552	41.455
69.6839	41.411
69.7126	41.469
69.7414	41.372
69.7701	40.804
69.7989	40.444
69.8276	40.517
69.8563	40.911
69.8851	40.344
69.9138	40.186
69.9425	39.877
69.9713	39.818
70.0000	39.917
70.0287	39.833
70.0575	39.512
70.0862	39.245
70.1149	38.896
70.1437	39.319
70.1724	39.389
70.2011	39.108
70.2299	38.854
70.2586	38.653
70.2874	38.252
70.3161	38.179
70.3448	37.774
70.3736	37.875
70.4023	37.729
70.4310	37.795
70.4598	37.535
70.4885	37.071
70.5172	36.882
70.5460	37.026
70.5747	36.674
70.6034	36.550
70.6322	36.656
70.6609	36.840
70.6897	36.613
70.7184	36.384
70.7471	36.274
70.7759	36.460
70.8046	35.743
70.8333	35.797
70.8621	35.734
70.8908	36.064
70.9195	35.967
70.9483	35.477
70.9770	35.172
71.0057	34.875
71.0345	34.556
71.0632	34.688
71.0920	34.457
71.1207	34.219
71.1494	34.094
71.1782	34.339
71.2069	34.170
71.2356	33.889
71.2644	33.589
71.2931	33.830
71.3218	33.469
71.3506	33.175
71.3793	33.148
71.4080	33.311
71.4368	33.378
71.4655	33.233
71.4943	32.561
71.5230	32.748
71.5517	32.891
71.5805	32.342
71.6092	31.941
71.6379	32.290
71.6667	32.679
71.6954	32.712
71.7241	32.049
71.7529	32.030
71.7816	31.691
71.8103	31.562
71.8391	31.960
71.8678	31.976
71.8966	31.328
71.9253	31.194
71.9540	30.819
71.9828	30.436
72.0115	30.286
72.0402	30.720
72.0690	31.122
72.0977	31.056
72.1264	30.153
72.1552	30.198
72.1839	30.099
72.2126	30.045
72.2414	29.392
72.2701	29.307
72.2989	29.488
72.3276	29.613
72.3563	29.415
72.3851	29.707
72.4138	29.293
72.4425	29.378
72.4713	28.826
72.5000	28.344
72.5287	28.115
72.5575	27.707
72.5862	27.247
72.6149	27.573
72.6437	27.953
72.6724	28.108
72.7011	28.024
72.7299	27.814
72.7586	27.613
72.7874	27.604
72.8161	27.510
72.8448	27.651
72.8736	27.200
72.9023	27.250
72.9310	27.245
72.9598	27.184
72.9885	27.177
73.0172	27.184
73.0460	26.936
73.0747	26.915
73.1034	26.293
73.1322	26.378
73.1609	26.425
73.1897	26.181
73.2184	25.918
73.2471	25.491
73.2759	25.431
73.3046	26.099
73.3333	25.797
73.3621	25.314
73.3908	25.245
73.4195	25.462
73.4483	25.542
73.4770	25.108
73.5057	24.707
73.5345	24.918
73.5632	24.628
73.5920	24.964
73.6207	25.012
73.6494	24.962
73.6782	25.016
73.7069	24.609
73.7356	24.175
73.7644	24.365
73.7931	24.002
73.8218	23.811
73.8506	23.639
73.8793	23.859
73.9080	23.906
73.9368	23.910
73.9655	23.799
73.9943	23.804
74.0230	23.582
74.0517	23.658
74.0805	23.302
74.1092	23.556
74.1379	23.026
74.1667	22.783
74.1954	22.689
74.2241	22.773
74.2529	22.359
74.2816	21.830
74.3103	21.542
74.3391	21.806
74.3678	21.816
74.3966	21.589
74.4253	21.384
74.4540	21.696
74.4828	21.066
74.5115	21.417
74.5402	21.269
74.5690	20.964
74.5977	20.809
74.6264	21.043
74.6552	21.134
74.6839	21.345
74.7126	20.693
74.7414	20.715
74.7701	20.394
74.7989	20.330
74.8276	20.273
74.8563	20.009
74.8851	19.745
74.9138	20.193
74.9425	20.080
74.9713	20.425
75.0000	20.288
75.0287	20.108
75.0575	19.976
75.0862	19.950
75.1149	19.470
75.1437	19.583
75.1724	19.382
75.2011	19.533
75.2299	19.127
75.2586	18.981
75.2874	19.175
75.3161	19.071
75.3448	18.979
75.3736	19.191
75.4023	18.731
75.4310	18.503
75.4598	18.333
75.4885	18.101
75.5172	18.158
75.5460	18.125
75.5747	18.019
75.6034	18.658
75.6322	18.061
75.6609	18.226
75.6897	17.958
75.7184	18.026
75.7471	17.934
75.7759	18.132
75.8046	17.885
75.8333	17.753
75.8621	17.116
75.8908	17.566
75.9195	17.382
75.9483	17.247
75.9770	17.372
76.0057	17.472
76.0345	17.182
76.0632	17.431
76.0920	17.102
76.1207	17.115
76.1494	16.892
76.1782	16.809
76.2069	16.839
76.2356	16.866
76.2644	16.710
76.2931	16.752
76.3218	16.151
76.3506	16.207
76.3793	16.474
76.4080	16.422
76.4368	16.083
76.4655	16.252
76.4943	16.523
76.5230	16.377
76.5517	15.964
76.5805	16.226
76.6092	16.163
76.6379	16.155
76.6667	15.847
76.6954	15.965
76.7241	15.472
76.7529	15.684
76.7816	15.703
76.8103	15.507
76.8391	15.170
76.8678	15.071
76.8966	15.297
76.9253	15.431
76.9540	15.269
76.9828	15.302
77.0115	14.943
77.0402	14.851
77.0690	14.363
77.0977	14.255
77.1264	14.488
77.1552	14.740
77.1839	14.356
77.2126	14.253
77.2414	14.165
77.2701	14.521
77.2989	14.599
77.3276	14.212
77.3563	14.158
77.3851	14.512
77.4138	14.260
77.4425	13.924
77.4713	13.701
77.5000	14.196
77.5287	14.149
77.5575	13.658
77.5862	13.444
77.6149	13.780
77.6437	13.578
77.6724	13.465
77.7011	13.090
77.7299	13.533
77.7586	13.378
77.7874	13.134
77.8161	13.165
77.8448	13.172
77.8736	13.080
77.9023	12.667
77.9310	12.366
77.9598	12.969
77.9885	12.851
78.0172	12.387
78.0460	12.323
78.0747	12.771
78.1034	13.269
78.1322	13.080
78.1609	12.384
78.1897	12.345
78.2184	12.512
78.2471	12.720
78.2759	12.536
78.3046	12.458
78.3333	12.698
78.3621	12.649
78.3908	12.354
78.4195	12.205
78.4483	11.910
78.4770	12.000
78.5057	12.194
78.5345	12.502
78.5632	12.345
78.5920	12.255
78.6207	12.184
78.6494	12.476
78.6782	12.170
78.7069	11.438
78.7356	11.641
78.7644	12.325
78.7931	12.191
78.8218	11.840
78.8506	11.597
78.8793	11.936
78.9080	11.682
78.9368	11.602
78.9655	12.056
78.9943	12.094
79.0230	11.790
79.0517	11.795
79.0805	11.295
79.1092	11.271
79.1379	11.153
79.1667	11.224
79.1954	11.510
79.2241	11.700
79.2529	11.840
79.2816	11.918
79.3103	11.486
79.3391	11.731
79.3678	11.632
79.3966	11.385
79.4253	11.314
79.4540	11.238
79.4828	11.118
79.5115	11.278
79.5402	11.165
79.5690	11.274
79.5977	11.177
79.6264	10.962
79.6552	10.845
79.6839	10.753
79.7126	10.764
79.7414	10.915
79.7701	10.967
79.7989	11.021
79.8276	11.163
79.8563	10.898
79.8851	10.764
79.9138	10.733
79.9425	10.740
79.9713	11.109
80.0000	10.630
80.0287	10.575
80.0575	10.451
80.0862	10.653
80.1149	10.707
80.1437	10.427
80.1724	10.071
80.2011	9.964
80.2299	9.931
80.2586	10.101
80.2874	10.210
80.3161	10.259
80.3448	9.991
80.3736	9.856
80.4023	10.280
80.4310	10.462
80.4598	10.130
80.4885	10.401
80.5172	10.439
80.5460	10.095
80.5747	9.694
80.6034	9.703
80.6322	9.748
80.6609	9.517
80.6897	9.264
80.7184	9.481
80.7471	9.920
80.7759	10.071
80.8046	9.977
80.8333	9.938
80.8621	9.785
80.8908	9.741
80.9195	9.609
80.9483	9.533
80.9770	9.332
81.0057	9.233
81.0345	9.299
81.0632	9.266
81.0920	9.174
81.1207	9.424
81.1494	9.017
81.1782	8.917
81.2069	8.943
81.2356	8.839
81.2644	8.703
81.2931	9.052
81.3218	9.234
81.3506	9.042
81.3793	8.870
81.4080	9.122
81.4368	8.910
81.4655	8.608
81.4943	8.549
81.5230	8.561
81.5517	8.559
81.5805	8.455
81.6092	8.168
81.6379	8.255
81.6667	8.245
81.6954	8.241
81.7241	8.345
81.7529	8.358
81.7816	8.273
81.8103	8.188
81.8391	8.125
81.8678	7.793
81.8966	7.608
81.9253	7.778
81.9540	7.646
81.9828	7.656
82.0115	7.627
82.0402	7.660
82.0690	7.764
82.0977	8.064
82.1264	7.932
82.1552	7.720
82.1839	7.734
82.2126	7.762
82.2414	7.648
82.2701	7.814
82.2989	7.498
82.3276	7.222
82.3563	6.936
82.3851	7.130
82.4138	7.472
82.4425	7.172
82.4713	7.066
82.5000	6.905
82.5287	6.887
82.5575	7.094
82.5862	7.248
82.6149	7.271
82.6437	7.281
82.6724	7.130
82.7011	7.030
82.7299	7.148
82.7586	7.264
82.7874	7.481
82.8161	7.585
82.8448	7.260
82.8736	6.628
82.9023	6.516
82.9310	6.538
82.9598	6.618
82.9885	6.545
83.0172	6.514
83.0460	6.637
83.0747	6.778
83.1034	6.561
83.1322	6.604
83.1609	6.922
83.1897	6.814
83.2184	6.398
83.2471	6.363
83.2759	6.727
83.3046	6.793
83.3333	6.549
83.3621	6.465
83.3908	6.569
83.4195	6.411
83.4483	6.255
83.4770	6.010
83.5057	5.977
83.5345	5.849
83.5632	5.995
83.5920	6.226
83.6207	6.299
83.6494	6.469
83.6782	6.264
83.7069	6.439
83.7356	6.372
83.7644	6.040
83.7931	6.026
83.8218	6.101
83.8506	5.872
83.8793	5.720
83.9080	5.708
83.9368	6.161
83.9655	5.979
83.9943	5.509
84.0230	5.585
84.0517	5.878
84.0805	6.028
84.1092	5.948
84.1379	5.260
84.1667	5.651
84.1954	5.972
84.2241	5.906
84.2529	5.394
84.2816	5.356
84.3103	5.543
84.3391	5.483
84.3678	5.267
84.3966	5.589
84.4253	5.806
84.4540	5.438
84.4828	4.917
84.5115	5.158
84.5402	5.292
84.5690	5.134
84.5977	4.757
84.6264	4.870
84.6552	5.024
84.6839	4.962
84.7126	4.932
84.7414	5.113
84.7701	5.413
84.7989	5.373
84.8276	5.214
84.8563	5.087
84.8851	4.969
84.9138	4.806
84.9425	4.661
84.9713	4.719
85.0000	4.738
85.0287	4.641
85.0575	4.503
85.0862	4.623
85.1149	4.660
85.1437	4.523
85.1724	4.594
85.2011	4.786
85.2299	4.858
85.2586	4.793
85.2874	4.660
85.3161	4.649
85.3448	4.575
85.3736	4.344
85.4023	4.417
85.4310	4.622
85.4598	4.719
85.4885	4.604
85.5172	4.550
85.5460	4.929
85.5747	4.818
85.6034	4.462
85.6322	4.299
85.6609	4.361
85.6897	4.557
85.7184	4.613
85.7471	4.283
85.7759	4.497
85.8046	4.349
85.8333	4.179
85.8621	3.866
85.8908	3.696
85.9195	3.875
85.9483	4.012
85.9770	3.948
86.0057	4.286
86.0345	4.609
86.0632	4.538
86.0920	4.658
86.1207	4.970
86.1494	5.203
86.1782	4.924
86.2069	4.451
86.2356	4.312
86.2644	4.111
86.2931	4.158
86.3218	4.340
86.3506	4.245
86.3793	4.036
86.4080	3.979
86.4368	4.115
86.4655	4.568
86.4943	4.516
86.5230	4.203
86.5517	4.252
86.5805	4.177
86.6092	4.193
86.6379	4.226
86.6667	4.174
86.6954	4.469
86.7241	4.418
86.7529	4.135
86.7816	3.837
86.8103	4.019
86.8391	4.245
86.8678	4.097
86.8966	4.066
86.9253	4.181
86.9540	4.142
86.9828	4.115
87.0115	4.080
87.0402	4.024
87.0690	4.021
87.0977	4.012
87.1264	4.116
87.1552	4.146
87.1839	4.210
87.2126	4.016
87.2414	3.943
87.2701	4.253
87.2989	4.415
87.3276	4.123
87.3563	3.847
87.3851	3.790
87.4138	3.715
87.4425	3.543
87.4713	3.606
87.5000	3.793
87.5287	3.717
87.5575	3.552
87.5862	3.599
87.6149	3.736
87.6437	3.896
87.6724	3.620
87.7011	3.394
87.7299	3.646
87.7586	3.938
87.7874	3.986
87.8161	4.102
87.8448	4.014
87.8736	3.835
87.9023	3.615
87.9310	3.717
87.9598	3.922
87.9885	3.892
88.0172	3.762
88.0460	3.354
88.0747	3.599
88.1034	3.811
88.1322	3.729
88.1609	3.649
88.1897	3.613
88.2184	3.740
88.2471	3.884
88.2759	3.698
88.3046	3.542
88.3333	3.444
88.3621	3.399
88.3908	3.385
88.4195	3.450
88.4483	3.472
88.4770	3.696
88.5057	3.965
88.5345	4.104
88.5632	4.222
88.5920	4.123
88.6207	3.872
88.6494	3.727
88.6782	3.705
88.7069	3.616
88.7356	3.170
88.7644	3.307
88.7931	3.736
88.8218	3.767
88.8506	3.589
88.8793	3.507
88.9080	3.542
88.9368	3.536
88.9655	3.571
88.9943	3.865
89.0230	3.655
89.0517	3.292
89.0805	3.335
89.1092	3.358
89.1379	3.497
89.1667	3.819
89.1954	3.759
89.2241	3.825
89.2529	3.802
89.2816	3.745
89.3103	3.604
89.3391	3.590
89.3678	3.648
89.3966	3.601
89.4253	3.396
89.4540	3.655
89.4828	3.917
89.5115	3.712
89.5402	3.425
89.5690	3.639
89.5977	3.809
89.6264	3.717
89.6552	3.689
89.6839	4.036
89.7126	3.717
89.7414	3.505
89.7701	3.682
89.7989	3.778
89.8276	3.618
89.8563	3.422
89.8851	3.285
89.9138	3.415
89.9425	3.653
89.9713	3.691
90.0000	3.611
90.0287	3.627
90.0575	3.722
90.0862	3.847
90.1149	3.519
90.1437	3.347
90.1724	3.524
90.2011	3.656
90.2299	3.436
90.2586	3.535
90.2874	3.812
90.3161	3.762
90.3448	3.470
90.3736	3.491
90.4023	3.630
90.4310	3.658
90.4598	3.750
90.4885	3.668
90.5172	3.733
90.5460	3.911
90.5747	3.807
90.6034	3.976
90.6322	3.637
90.6609	3.358
90.6897	3.498
90.7184	3.842
90.7471	4.090
90.7759	4.095
90.8046	3.773
90.8333	3.646
90.8621	3.573
90.8908	3.523
90.9195	3.252
90.9483	3.054
90.9770	2.995
91.0057	3.241
91.0345	3.134
91.0632	3.280
91.0920	3.628
91.1207	3.648
91.1494	3.498
91.1782	3.396
91.2069	3.292
91.2356	3.286
91.2644	3.075
91.2931	3.082
91.3218	3.158
91.3506	3.250
91.3793	3.127
91.4080	2.943
91.4368	2.847
91.4655	2.899
91.4943	3.101
91.5230	3.054
91.5517	3.021
91.5805	3.141
91.6092	3.347
91.6379	3.219
91.6667	3.073
91.6954	3.106
91.7241	3.182
91.7529	3.236
91.7816	3.097
91.8103	3.102
91.8391	3.252
91.8678	3.113
91.8966	3.007
91.9253	3.078
91.9540	3.085
91.9828	3.293
92.0115	3.193
92.0402	2.910
92.0690	2.833
92.0977	2.743
92.1264	2.786
92.1552	3.057
92.1839	2.830
92.2126	2.753
92.2414	2.835
92.2701	3.160
92.2989	3.014
92.3276	2.976
92.3563	2.958
92.3851	3.080
92.4138	3.068
92.4425	3.083
92.4713	2.648
92.5000	2.576
92.5287	2.707
92.5575	2.517
92.5862	2.377
92.6149	2.526
92.6437	2.859
92.6724	3.188
92.7011	3.139
92.7299	2.840
92.7586	2.733
92.7874	2.845
92.8161	2.764
92.8448	2.630
92.8736	2.552
92.9023	2.661
92.9310	2.741
92.9598	2.587
92.9885	2.398
93.0172	2.606
93.0460	2.745
93.0747	2.700
93.1034	2.809
93.1322	2.788
93.1609	2.564
93.1897	2.285
93.2184	2.587
93.2471	2.882
93.2759	2.729
93.3046	2.611
93.3333	2.658
93.3621	3.054
93.3908	3.387
93.4195	2.830
93.4483	2.616
93.4770	2.804
93.5057	2.922
93.5345	2.790
93.5632	2.196
93.5920	2.347
93.6207	2.741
93.6494	2.807
93.6782	2.701
93.7069	2.528
93.7356	2.648
93.7644	2.681
93.7931	2.488
93.8218	2.630
93.8506	2.833
93.8793	2.929
93.9080	2.684
93.9368	2.276
93.9655	2.170
93.9943	2.500
94.0230	2.484
94.0517	2.326
94.0805	2.321
94.1092	2.455
94.1379	2.455
94.1667	2.688
94.1954	2.760
94.2241	2.266
94.2529	2.241
94.2816	2.189
94.3103	2.236
94.3391	2.220
94.3678	2.111
94.3966	2.278
94.4253	2.458
94.4540	2.582
