0.000	3.622
0.030	3.538
0.060	3.049
0.091	3.538
0.121	3.215
0.151	3.038
0.181	3.278
0.211	3.361
0.242	2.993
0.272	2.931
0.302	3.361
0.332	3.382
0.362	3.594
0.393	3.490
0.423	3.417
0.453	3.052
0.483	2.792
0.514	3.010
0.544	3.247
0.574	3.090
0.604	3.240
0.634	3.771
0.665	3.948
0.695	3.792
0.725	3.281
0.755	2.979
0.785	3.281
0.816	3.562
0.846	3.104
0.876	3.302
0.906	3.271
0.936	3.167
0.967	2.906
0.997	2.927
1.027	3.344
1.057	3.344
1.087	3.208
1.118	3.562
1.148	3.552
1.178	3.177
1.208	3.417
1.239	3.667
1.269	3.594
1.299	3.302
1.329	3.073
1.359	2.948
1.390	3.208
1.420	3.552
1.450	3.406
1.480	3.219
1.510	3.354
1.541	3.615
1.571	3.208
1.601	2.917
1.631	2.969
1.661	3.292
1.692	3.740
1.722	3.604
1.752	3.167
1.782	3.052
1.812	3.021
1.843	3.479
1.873	3.552
1.903	3.365
1.933	3.146
1.964	2.906
1.994	2.990
2.024	3.583
2.054	3.392
2.084	3.715
2.115	3.455
2.145	3.632
2.175	3.486
2.205	3.788
2.235	3.674
2.266	3.632
2.296	3.594
2.326	4.094
2.356	3.781
2.386	3.302
2.417	3.559
2.447	3.684
2.477	3.330
2.507	3.194
2.537	3.125
2.568	3.906
2.598	4.219
2.628	3.854
2.658	3.719
2.689	3.771
2.719	3.990
2.749	4.125
2.779	3.486
2.809	3.184
2.840	3.677
2.870	4.000
2.900	3.826
2.930	3.743
2.960	3.625
2.991	3.312
3.021	3.260
3.051	3.771
3.081	4.073
3.111	3.438
3.142	3.479
3.172	4.375
3.202	4.479
3.232	3.844
3.262	3.094
3.293	3.406
3.323	4.361
3.353	4.528
3.383	3.729
3.414	3.316
3.444	3.403
3.474	3.809
3.504	4.000
3.534	3.906
3.565	3.094
3.595	3.194
3.625	3.438
3.655	3.951
3.685	4.031
3.716	3.448
3.746	3.549
3.776	3.434
3.806	3.323
3.836	3.253
3.867	3.865
3.897	3.965
3.927	3.545
3.957	3.896
3.987	3.198
4.018	3.309
4.048	3.465
4.078	3.583
4.108	4.191
4.139	3.875
4.169	4.056
4.199	4.024
4.229	3.410
4.259	3.358
4.290	3.396
4.320	3.542
4.350	3.750
4.380	3.500
4.410	3.122
4.441	3.104
4.471	3.556
4.501	3.875
4.531	3.868
4.561	3.170
4.592	3.351
4.622	3.938
4.652	3.851
4.682	3.934
4.712	3.281
4.743	3.097
4.773	3.583
4.803	4.115
4.833	3.712
4.863	3.014
4.894	3.052
4.924	3.781
4.954	3.503
4.984	3.205
5.015	3.125
5.045	3.653
5.075	3.924
5.105	3.924
5.135	3.851
5.166	3.285
5.196	3.017
5.226	3.979
5.256	4.566
5.286	4.420
5.317	3.229
5.347	2.875
5.377	3.229
5.407	3.729
5.437	3.580
5.468	3.691
5.498	4.090
5.528	4.243
5.558	3.733
5.588	3.434
5.619	3.830
5.649	3.993
5.679	3.618
5.709	3.691
5.740	3.642
5.770	3.503
5.800	3.403
5.830	3.528
5.860	3.514
5.891	2.917
5.921	3.281
5.951	4.122
5.981	4.083
6.011	3.698
6.042	3.507
6.072	3.351
6.102	3.726
6.132	4.528
6.162	3.767
6.193	3.781
6.223	3.688
6.253	3.476
6.283	3.684
6.313	3.979
6.344	4.059
6.374	3.944
6.404	3.812
6.434	3.927
6.465	3.747
6.495	3.809
6.525	3.972
6.555	4.097
6.585	4.014
6.616	3.663
6.646	3.858
6.676	4.556
6.706	4.201
6.736	3.646
6.767	3.674
6.797	3.444
6.827	3.431
6.857	3.611
6.887	3.615
6.918	3.594
6.948	3.285
6.978	3.545
7.008	4.240
7.038	4.323
7.069	3.865
7.099	3.889
7.129	3.885
7.159	4.403
7.190	4.493
7.220	4.160
7.250	4.128
7.280	4.344
7.310	4.295
7.341	4.122
7.371	3.816
7.401	4.017
7.431	4.583
7.461	4.847
7.492	4.243
7.522	3.882
7.552	4.003
7.582	4.306
7.612	4.264
7.643	4.007
7.673	3.944
7.703	4.194
7.733	4.059
7.763	3.958
7.794	3.788
7.824	4.233
7.854	4.174
7.884	3.941
7.915	4.410
7.945	5.118
7.975	5.021
8.005	4.601
8.035	4.271
8.066	4.503
8.096	4.194
8.126	4.639
8.156	4.410
8.186	4.309
8.217	4.167
8.247	4.181
8.277	4.441
8.307	5.010
8.337	4.781
8.368	4.833
8.398	4.594
8.428	4.670
8.458	4.653
8.488	4.250
8.519	4.229
8.549	4.479
8.579	4.545
8.609	4.719
8.639	4.594
8.670	4.326
8.700	4.517
8.730	4.760
8.760	4.663
8.791	4.583
8.821	4.569
8.851	4.979
8.881	5.559
8.911	4.837
8.942	4.694
8.972	5.389
9.002	5.806
9.032	5.278
9.062	4.406
9.093	4.566
9.123	4.774
9.153	4.566
9.183	4.309
9.213	4.681
9.244	5.007
9.274	4.545
9.304	4.243
9.334	4.618
9.364	4.740
9.395	4.747
9.425	4.927
9.455	4.872
9.485	4.635
9.516	4.889
9.546	5.031
9.576	5.142
9.606	4.941
9.636	4.747
9.667	4.604
9.697	4.566
9.727	4.872
9.757	4.990
9.787	4.486
9.818	4.792
9.848	5.424
9.878	5.191
9.908	4.490
9.938	4.556
9.969	4.698
9.999	4.444
10.029	4.903
10.059	5.451
10.089	5.403
10.120	4.965
10.150	5.226
10.180	5.531
10.210	5.122
10.241	4.747
10.271	4.462
10.301	5.361
10.331	5.233
10.361	5.156
10.392	5.007
10.422	4.642
10.452	5.250
10.482	5.688
10.512	5.385
10.543	5.458
10.573	5.031
10.603	4.906
10.633	5.240
10.663	5.226
10.694	5.146
10.724	5.028
10.754	4.885
10.784	5.483
10.814	5.653
10.845	5.212
10.875	5.222
10.905	5.580
10.935	5.681
10.966	5.406
10.996	5.083
11.026	5.316
11.056	5.226
11.086	5.215
11.117	5.618
11.147	6.003
11.177	6.003
11.207	5.865
11.237	5.500
11.268	6.215
11.298	6.528
11.328	5.660
11.358	4.885
11.388	5.382
11.419	6.010
11.449	5.597
11.479	5.420
11.509	5.729
11.539	6.257
11.570	6.201
11.600	5.521
11.630	5.681
11.660	6.108
11.691	6.045
11.721	5.847
11.751	6.132
11.781	7.219
11.811	6.632
11.842	5.483
11.872	5.653
11.902	6.142
11.932	6.104
11.962	5.924
11.993	6.420
12.023	6.747
12.053	6.479
12.083	6.691
12.113	7.014
12.144	6.410
12.174	6.309
12.204	5.788
12.234	6.326
12.264	6.819
12.295	6.865
12.325	6.806
12.355	6.569
12.385	5.924
12.416	5.969
12.446	6.062
12.476	5.549
12.506	5.712
12.536	6.646
12.567	6.698
12.597	6.188
12.627	6.163
12.657	6.184
12.687	6.247
12.718	6.361
12.748	6.451
12.778	6.785
12.808	7.028
12.838	6.576
12.869	6.403
12.899	6.878
12.929	6.573
12.959	6.611
12.989	6.594
13.020	6.535
13.050	7.215
13.080	7.455
13.110	7.062
13.140	6.823
13.171	7.278
13.201	7.295
13.231	7.344
13.261	7.042
13.292	7.125
13.322	7.236
13.352	6.833
13.382	6.924
13.412	7.198
13.443	7.382
13.473	7.990
13.503	7.719
13.533	7.212
13.563	7.104
13.594	7.278
13.624	7.444
13.654	7.611
13.684	7.955
13.714	7.931
13.745	7.868
13.775	7.872
13.805	8.170
13.835	8.045
13.865	7.986
13.896	7.365
13.926	7.931
13.956	8.503
13.986	8.819
14.017	7.747
14.047	7.649
14.077	8.090
14.107	7.608
14.137	7.726
14.168	8.549
14.198	8.441
14.228	8.434
14.258	8.420
14.288	7.837
14.319	7.556
14.349	7.483
14.379	7.747
14.409	7.847
14.439	7.688
14.470	7.392
14.500	8.236
14.530	8.733
14.560	7.910
14.590	7.826
14.621	8.135
14.651	8.726
14.681	8.677
14.711	8.128
14.742	8.156
14.772	8.344
14.802	8.292
14.832	8.278
14.862	8.347
14.893	8.854
14.923	8.580
14.953	7.955
14.983	8.017
15.013	8.674
15.044	9.045
15.074	8.688
15.104	8.188
15.134	8.722
15.164	8.934
15.195	8.597
15.225	8.517
15.255	9.382
15.285	10.229
15.315	9.517
15.346	7.955
15.376	8.500
15.406	9.528
15.436	8.833
15.467	8.299
15.497	9.826
15.527	10.944
15.557	9.472
15.587	8.229
15.618	8.646
15.648	9.413
15.678	9.101
15.708	8.545
15.738	8.590
15.769	8.872
15.799	9.299
15.829	9.056
15.859	9.503
15.889	9.615
15.920	9.431
15.950	9.528
15.980	9.788
16.010	9.066
16.040	8.597
16.071	8.941
16.101	9.403
16.131	9.524
16.161	8.938
16.192	9.302
16.222	9.420
16.252	8.875
16.282	9.031
16.312	8.882
16.343	8.729
16.373	9.274
16.403	9.493
16.433	9.365
16.463	9.740
16.494	10.219
16.524	10.326
16.554	9.896
16.584	9.774
16.614	10.410
16.645	10.743
16.675	10.014
16.705	9.743
16.735	10.007
16.765	9.951
16.796	9.583
16.826	9.469
16.856	9.760
16.886	10.253
16.916	10.267
16.947	10.049
16.977	9.816
17.007	9.757
17.037	10.017
17.068	10.212
17.098	10.365
17.128	10.958
17.158	10.997
17.188	10.608
17.219	11.083
17.249	11.156
17.279	11.017
17.309	11.319
17.339	11.038
17.370	11.101
17.400	11.167
17.430	10.955
17.460	11.101
17.490	11.181
17.521	11.219
17.551	11.333
17.581	11.170
17.611	11.035
17.641	11.264
17.672	11.215
17.702	11.007
17.732	11.517
17.762	11.354
17.793	11.615
17.823	11.663
17.853	12.358
17.883	12.045
17.913	11.639
17.944	12.198
17.974	13.146
18.004	12.066
18.034	12.149
18.064	12.017
18.095	12.733
18.125	11.885
18.155	11.358
18.185	11.830
18.215	12.792
18.246	12.288
18.276	11.965
18.306	12.372
18.336	12.719
18.366	12.660
18.397	12.948
18.427	13.365
18.457	13.451
18.487	12.309
18.518	12.181
18.548	12.569
18.578	13.250
18.608	13.080
18.638	12.594
18.669	13.014
18.699	13.503
18.729	12.896
18.759	12.878
18.789	13.378
18.820	14.194
18.850	13.854
18.880	12.861
18.910	12.698
18.940	13.184
18.971	13.420
19.001	12.854
19.031	12.910
19.061	13.569
19.091	13.958
19.122	13.469
19.152	12.788
19.182	12.913
19.212	13.226
19.243	14.062
19.273	14.330
19.303	14.101
19.333	13.625
19.363	14.000
19.394	13.108
19.424	13.750
19.454	13.684
19.484	13.955
19.514	14.781
19.545	14.378
19.575	14.174
19.605	14.389
19.635	13.660
19.665	13.465
19.696	14.059
19.726	14.628
19.756	14.257
19.786	13.795
19.816	14.389
19.847	14.545
19.877	13.920
19.907	14.059
19.937	14.451
19.968	14.740
19.998	14.115
20.028	14.260
20.058	14.674
20.088	14.927
20.119	14.625
20.149	14.688
20.179	14.927
20.209	15.233
20.239	15.243
20.270	14.906
20.300	15.049
20.330	15.340
20.360	14.569
20.390	14.469
20.421	14.667
20.451	14.764
20.481	14.396
20.511	15.021
20.541	15.257
20.572	15.896
20.602	16.788
20.632	16.385
20.662	15.410
20.693	15.146
20.723	14.969
20.753	15.226
20.783	15.049
20.813	15.312
20.844	15.521
20.874	15.639
20.904	15.583
20.934	16.361
20.964	16.302
20.995	16.181
21.025	16.486
21.055	15.899
21.085	15.559
21.115	16.358
21.146	16.594
21.176	16.788
21.206	17.101
21.236	17.444
21.266	17.160
21.297	16.854
21.327	16.580
21.357	17.021
21.387	17.177
21.417	17.191
21.448	17.125
21.478	16.833
21.508	16.726
21.538	17.028
21.569	17.222
21.599	17.323
21.629	16.917
21.659	17.823
21.689	18.309
21.720	18.021
21.750	17.483
21.780	17.792
21.810	17.566
21.840	17.608
21.871	17.642
21.901	18.056
21.931	18.122
21.961	17.990
21.991	17.938
22.022	17.792
22.052	17.997
22.082	18.240
22.112	18.368
22.142	19.101
22.173	18.934
22.203	19.201
22.233	18.726
22.263	18.299
22.294	18.618
22.324	19.497
22.354	19.497
22.384	19.146
22.414	18.799
22.445	19.233
22.475	19.184
22.505	19.278
22.535	18.913
22.565	19.295
22.596	19.681
22.626	19.660
22.656	18.892
22.686	18.865
22.716	19.556
22.747	19.875
22.777	20.146
22.807	20.010
22.837	20.139
22.867	20.347
22.898	20.288
22.928	20.493
22.958	20.674
22.988	20.139
23.019	19.913
23.049	20.653
23.079	21.014
23.109	20.983
23.139	20.167
23.170	19.889
23.200	20.691
23.230	21.247
23.260	20.969
23.290	20.792
23.321	20.969
23.351	20.990
23.381	20.521
23.411	20.639
23.441	21.604
23.472	21.278
23.502	20.285
23.532	20.007
23.562	21.312
23.592	21.361
23.623	20.358
23.653	20.580
23.683	21.497
23.713	21.712
23.744	21.267
23.774	21.354
23.804	21.236
23.834	21.649
23.864	21.510
23.895	21.111
23.925	21.497
23.955	22.108
23.985	22.472
24.015	22.465
24.046	22.219
24.076	22.760
24.106	22.688
24.136	22.274
24.166	22.184
24.197	22.420
24.227	22.583
24.257	22.309
24.287	22.406
24.317	23.240
24.348	23.420
24.378	23.354
24.408	23.264
24.438	22.833
24.469	22.733
24.499	22.715
24.529	22.847
24.559	23.149
24.589	22.809
24.620	22.910
24.650	23.528
24.680	23.392
24.710	23.003
24.740	23.521
24.771	23.594
24.801	23.670
24.831	23.451
24.861	23.597
24.891	24.299
24.922	24.365
24.952	23.924
24.982	23.778
25.012	24.080
25.042	25.014
25.073	25.531
25.103	25.597
25.133	24.986
25.163	25.240
25.194	25.917
25.224	25.431
25.254	24.927
25.284	25.406
25.314	25.191
25.345	25.330
25.375	25.524
25.405	25.417
25.435	25.420
25.465	25.469
25.496	25.760
25.526	25.726
25.556	25.819
25.586	26.115
25.616	26.549
25.647	26.823
25.677	26.462
25.707	26.142
25.737	26.493
25.767	26.938
25.798	27.080
25.828	27.003
25.858	26.642
25.888	26.576
25.918	26.420
25.949	26.372
25.979	26.792
26.009	27.556
26.039	27.257
26.070	26.809
26.100	27.910
26.130	28.441
26.160	27.781
26.190	27.885
26.221	27.708
26.251	27.566
26.281	28.243
26.311	28.396
26.341	27.948
26.372	28.062
26.402	28.556
26.432	28.983
26.462	28.576
26.492	28.472
26.523	28.309
26.553	28.274
26.583	28.705
26.613	28.913
26.643	29.090
26.674	29.597
26.704	29.326
26.734	29.316
26.764	29.323
26.795	29.528
26.825	29.837
26.855	30.094
26.885	30.493
26.915	30.372
26.946	29.694
26.976	29.941
27.006	30.149
27.036	30.476
27.066	29.924
27.097	29.875
27.127	30.302
27.157	30.660
27.187	30.625
27.217	30.712
27.248	30.528
27.278	30.965
27.308	31.326
27.338	30.993
27.368	31.444
27.399	31.969
27.429	31.701
27.459	30.944
27.489	30.920
27.520	31.566
27.550	31.885
27.580	31.778
27.610	32.212
27.640	32.510
27.671	31.910
27.701	31.858
27.731	32.917
27.761	33.875
27.791	33.385
27.822	32.625
27.852	32.632
27.882	33.524
27.912	33.771
27.942	33.674
27.973	33.736
28.003	34.156
28.033	34.299
28.063	33.677
28.093	34.236
28.124	34.955
28.154	34.500
28.184	34.149
28.214	34.229
28.245	35.003
28.275	35.510
28.305	35.455
28.335	34.955
28.365	35.229
28.396	35.924
28.426	36.510
28.456	35.951
28.486	36.118
28.516	36.403
28.547	36.503
28.577	36.139
28.607	36.507
28.637	36.688
28.667	37.045
28.698	36.983
28.728	36.847
28.758	37.170
28.788	37.604
28.818	37.458
28.849	37.840
28.879	38.139
28.909	38.649
28.939	38.049
28.970	37.684
29.000	38.236
29.030	38.375
29.060	38.785
29.090	39.160
29.121	39.274
29.151	39.833
29.181	40.069
29.211	39.597
29.241	39.000
29.272	39.809
29.302	40.507
29.332	40.622
29.362	40.073
29.392	40.830
29.423	41.344
29.453	41.031
29.483	40.330
29.513	40.108
29.543	40.899
29.574	41.875
29.604	41.365
29.634	40.903
29.664	40.878
29.694	41.472
29.725	42.111
29.755	42.403
29.785	42.285
29.815	42.535
29.846	42.316
29.876	42.580
29.906	42.382
29.936	42.736
29.966	43.222
29.997	43.312
30.027	43.125
30.057	43.243
30.087	42.993
30.117	43.396
30.148	43.135
30.178	42.778
30.208	43.851
30.238	44.392
30.268	44.576
30.299	44.420
30.329	44.521
30.359	45.479
30.389	45.521
30.419	45.569
30.450	45.552
30.480	45.240
30.510	45.403
30.540	45.417
30.571	45.552
30.601	45.535
30.631	45.778
30.661	46.076
30.691	46.365
30.722	46.969
30.752	47.215
30.782	47.198
30.812	47.184
30.842	48.083
30.873	48.365
30.903	48.132
30.933	47.889
30.963	48.198
30.993	48.406
31.024	48.632
31.054	48.278
31.084	48.611
31.114	49.056
31.144	49.785
31.175	49.892
31.205	49.556
31.235	49.278
31.265	50.024
31.296	50.076
31.326	49.715
31.356	49.868
31.386	50.312
31.416	50.660
31.447	50.934
31.477	51.156
31.507	51.128
31.537	51.167
31.567	51.806
31.598	51.931
31.628	51.962
31.658	52.601
31.688	53.083
31.718	53.271
31.749	53.281
31.779	53.267
31.809	53.372
31.839	53.444
31.869	53.653
31.900	54.132
31.930	54.615
31.960	54.382
31.990	54.531
32.021	55.118
32.051	55.778
32.081	55.486
32.111	55.198
32.141	55.038
32.172	54.660
32.202	54.722
32.232	55.524
32.262	56.104
32.292	56.288
32.323	56.000
32.353	55.948
32.383	56.677
32.413	57.153
32.443	57.628
32.474	58.066
32.504	57.885
32.534	57.976
32.564	57.677
32.594	57.806
32.625	58.417
32.655	58.069
32.685	57.872
32.715	58.271
32.746	58.740
32.776	59.177
32.806	58.865
32.836	59.097
32.866	59.646
32.897	60.406
32.927	60.330
32.957	60.667
32.987	60.628
33.017	60.587
33.048	60.865
33.078	60.917
33.108	61.007
33.138	60.969
33.168	61.840
33.199	63.069
33.229	63.125
33.259	62.903
33.289	63.299
33.319	63.778
33.350	63.292
33.380	63.024
33.410	63.448
33.440	63.781
33.471	63.809
33.501	63.986
33.531	64.500
33.561	64.837
33.591	64.840
33.622	64.858
33.652	65.167
33.682	65.309
33.712	65.472
33.742	65.670
33.773	66.128
33.803	66.625
33.833	67.469
33.863	67.569
33.893	67.403
33.924	67.510
33.954	67.944
33.984	68.434
34.014	68.736
34.044	68.562
34.075	68.681
34.105	69.278
34.135	69.882
34.165	70.062
34.195	69.708
34.226	69.851
34.256	70.132
34.286	70.701
34.316	71.003
34.347	71.108
34.377	71.115
34.407	71.385
34.437	71.792
34.467	71.997
34.498	72.604
34.528	72.771
34.558	72.986
34.588	73.181
34.618	73.542
34.649	73.670
34.679	73.622
34.709	74.111
34.739	74.122
34.769	73.844
34.800	73.823
34.830	74.115
34.860	74.639
34.890	75.062
34.920	74.833
34.951	75.535
34.981	76.507
35.011	76.785
35.041	76.701
35.072	76.628
35.102	76.917
35.132	77.500
35.162	77.510
35.192	77.205
35.223	78.108
35.253	79.024
35.283	79.892
35.313	79.611
35.343	78.708
35.374	79.132
35.404	80.267
35.434	80.750
35.464	79.986
35.494	80.941
35.525	81.705
35.555	81.292
35.585	81.076
35.615	81.969
35.645	82.424
35.676	82.976
35.706	82.615
35.736	82.812
35.766	82.941
35.797	83.181
35.827	82.986
35.857	83.486
35.887	84.299
35.917	84.497
35.948	83.972
35.978	84.312
36.008	85.573
36.038	85.653
36.068	85.177
36.099	85.177
36.129	85.889
36.159	86.615
36.189	86.788
36.219	87.236
36.250	87.799
36.280	88.094
36.310	88.656
36.340	88.774
36.370	88.719
36.401	88.962
36.431	89.455
36.461	89.212
36.491	89.573
36.522	89.913
36.552	90.434
36.582	90.875
36.612	90.698
36.642	90.785
36.673	91.302
36.703	91.771
36.733	91.476
36.763	91.743
36.793	92.056
36.824	92.917
36.854	92.823
36.884	92.722
36.914	93.156
36.944	93.229
36.975	93.122
37.005	93.257
37.035	93.903
37.065	94.656
37.095	94.406
37.126	94.503
37.156	94.972
37.186	95.076
37.216	95.420
37.247	95.469
37.277	94.785
37.307	95.160
37.337	95.649
37.367	96.316
37.398	96.705
37.428	96.847
37.458	97.240
37.488	97.823
37.518	98.618
37.549	99.059
37.579	99.309
37.609	99.715
37.639	99.816
37.669	99.972
37.700	99.892
37.730	99.809
37.760	100.035
37.790	100.479
37.820	100.559
37.851	100.569
37.881	100.705
37.911	100.778
37.941	100.962
37.972	100.837
38.002	101.160
38.032	101.910
38.062	102.319
38.092	102.438
38.123	102.250
38.153	102.997
38.183	103.847
38.213	104.087
38.243	103.688
38.274	103.757
38.304	103.906
38.334	103.556
38.364	103.434
38.394	103.587
38.425	104.389
38.455	104.691
38.485	104.656
38.515	104.875
38.545	104.955
38.576	105.365
38.606	105.844
38.636	106.681
38.666	106.854
38.696	107.399
38.727	107.931
38.757	108.024
38.787	108.267
38.817	109.087
38.848	109.552
38.878	109.875
38.908	110.031
38.938	110.278
38.968	110.219
38.999	110.361
39.029	110.653
39.059	110.691
39.089	111.201
39.119	111.611
39.150	111.795
39.180	111.868
39.210	112.149
39.240	112.882
39.270	112.618
39.301	113.201
39.331	114.021
39.361	114.618
39.391	114.208
39.421	114.208
39.452	114.590
39.482	115.094
39.512	114.920
39.542	115.208
39.573	115.215
39.603	115.312
39.633	115.108
39.663	115.497
39.693	116.090
39.724	116.431
39.754	116.722
39.784	117.608
39.814	117.726
39.844	117.479
39.875	118.108
39.905	119.222
39.935	119.090
39.965	119.003
39.995	118.858
40.026	119.507
40.056	119.507
40.086	119.635
40.116	119.878
40.146	120.177
40.177	119.951
40.207	119.965
40.237	120.309
40.267	120.615
40.298	120.951
40.328	121.590
40.358	122.135
40.388	122.090
40.418	121.941
40.449	122.663
40.479	123.059
40.509	123.587
40.539	123.639
40.569	123.882
40.600	123.962
40.630	124.646
40.660	125.514
40.690	125.635
40.720	125.455
40.751	125.941
40.781	126.181
40.811	126.174
40.841	126.247
40.871	126.306
40.902	126.403
40.932	126.750
40.962	127.420
40.992	127.792
41.023	128.378
41.053	128.354
41.083	128.573
41.113	128.941
41.143	128.799
41.174	128.844
41.204	129.083
41.234	129.073
41.264	129.847
41.294	130.378
41.325	130.410
41.355	130.528
41.385	130.906
41.415	131.354
41.445	131.740
41.476	131.483
41.506	131.566
41.536	131.757
41.566	132.243
41.596	132.608
41.627	132.740
41.657	133.007
41.687	133.441
41.717	134.222
41.748	134.708
41.778	134.951
41.808	135.330
41.838	135.583
41.868	135.312
41.899	135.215
41.929	135.444
41.959	135.625
41.989	135.490
42.019	135.597
42.050	136.316
42.080	136.622
42.110	136.438
42.140	136.021
42.170	135.778
42.201	135.920
42.231	135.986
42.261	136.226
42.291	136.691
42.321	137.201
42.352	137.247
42.382	137.503
42.412	137.719
42.442	138.413
42.472	138.281
42.503	138.205
42.533	138.462
42.563	138.243
42.593	138.549
42.624	139.274
42.654	139.625
42.684	139.972
42.714	139.875
42.744	140.049
42.775	140.208
42.805	140.035
42.835	140.368
42.865	140.795
42.895	140.590
42.926	140.771
42.956	140.955
42.986	141.142
43.016	141.528
43.046	142.285
43.077	142.750
43.107	142.497
43.137	142.326
43.167	142.469
43.197	142.740
43.228	143.149
43.258	143.253
43.288	143.417
43.318	143.660
43.349	144.007
43.379	143.851
43.409	144.521
43.439	144.250
43.469	144.052
43.500	144.326
43.530	144.507
43.560	144.705
43.590	145.031
43.620	144.535
43.651	144.701
43.681	144.885
43.711	144.844
43.741	144.840
43.771	144.910
43.802	144.708
43.832	144.347
43.862	144.580
43.892	145.319
43.922	145.840
43.953	146.372
43.983	146.892
44.013	147.375
44.043	147.476
44.074	147.684
44.104	147.417
44.134	147.712
44.164	148.142
44.194	148.701
44.225	148.767
44.255	148.569
44.285	148.726
44.315	149.059
44.345	148.944
44.376	149.434
44.406	149.972
44.436	150.649
44.466	150.497
44.496	150.219
44.527	150.729
44.557	151.556
44.587	151.281
44.617	151.014
44.647	151.108
44.678	151.736
44.708	152.090
44.738	151.934
44.768	151.549
44.799	152.285
44.829	152.434
44.859	152.618
44.889	152.684
44.919	152.826
44.950	153.146
44.980	153.438
45.010	153.340
45.040	153.247
45.070	153.101
45.101	153.476
45.131	154.021
45.161	154.406
45.191	154.014
45.221	154.385
45.252	154.997
45.282	155.160
45.312	154.837
45.342	155.302
45.372	155.618
45.403	155.764
45.433	155.472
45.463	155.507
45.493	155.778
45.524	155.920
45.554	155.917
45.584	155.941
45.614	155.962
45.644	156.389
45.675	156.740
45.705	156.590
45.735	156.431
45.765	156.882
45.795	156.872
45.826	157.003
45.856	156.931
45.886	157.382
45.916	157.583
45.946	157.649
45.977	157.674
46.007	158.194
46.037	158.163
46.067	158.347
46.097	158.399
46.128	158.552
46.158	158.552
46.188	158.604
46.218	158.552
46.249	159.326
46.279	159.524
46.309	159.312
46.339	159.021
46.369	159.219
46.400	159.559
46.430	159.476
46.460	159.122
46.490	158.951
46.520	159.153
46.551	159.545
46.581	159.840
46.611	159.677
46.641	159.517
46.671	159.524
46.702	159.542
46.732	159.899
46.762	159.608
46.792	159.955
46.822	160.354
46.853	160.924
46.883	160.962
46.913	161.194
46.943	161.167
46.973	161.097
47.004	160.951
47.034	160.976
47.064	161.128
47.094	161.354
47.125	161.743
47.155	161.701
47.185	161.483
47.215	161.524
47.245	161.639
47.276	161.986
47.306	161.587
47.336	161.420
47.366	161.785
47.396	161.948
47.427	161.896
47.457	162.240
47.487	162.378
47.517	162.753
47.547	162.778
47.578	162.628
47.608	162.521
47.638	162.517
47.668	162.486
47.698	162.750
47.729	162.951
47.759	163.358
47.789	163.295
47.819	162.927
47.850	162.913
47.880	163.076
47.910	163.226
47.940	163.462
47.970	162.931
48.001	163.059
48.031	163.240
48.061	163.365
48.091	163.344
48.121	163.080
48.152	162.990
48.182	163.292
48.212	163.104
48.242	163.365
48.272	163.490
48.303	163.576
48.333	163.694
48.363	163.688
48.393	163.785
48.423	163.861
48.454	163.462
48.484	163.403
48.514	163.326
48.544	163.538
48.575	163.837
48.605	163.767
48.635	163.611
48.665	163.753
48.695	163.924
48.726	164.194
48.756	164.038
48.786	163.785
48.816	163.976
48.846	164.080
48.877	163.976
48.907	164.090
48.937	164.191
48.967	164.212
48.997	164.295
49.028	164.229
49.058	164.007
49.088	163.917
49.118	164.115
49.148	164.552
49.179	164.330
49.209	164.517
49.239	164.399
49.269	164.250
49.300	164.413
49.330	164.389
49.360	164.392
49.390	164.740
49.420	164.476
49.451	164.399
49.481	164.493
49.511	164.677
49.541	164.562
49.571	164.538
49.602	164.604
49.632	164.865
49.662	164.840
49.692	164.844
49.722	164.969
49.753	164.934
49.783	164.743
49.813	164.580
49.843	164.556
49.873	164.757
49.904	164.701
49.934	164.740
49.964	164.583
49.994	164.625
50.025	164.896
50.055	165.115
50.085	164.788
50.115	164.688
50.145	165.118
50.176	165.205
50.206	165.000
50.236	164.910
50.266	165.069
50.296	165.295
50.327	165.181
50.357	164.986
50.387	165.031
50.417	165.035
50.447	164.948
50.478	164.885
50.508	164.688
50.538	164.892
50.568	165.219
50.598	165.566
50.629	165.403
50.659	165.385
50.689	165.333
50.719	165.333
50.749	165.212
50.780	165.104
50.810	165.215
50.840	165.330
50.870	165.358
50.901	165.174
50.931	165.135
50.961	165.438
50.991	165.562
51.021	165.372
51.052	165.142
51.082	165.219
51.112	165.236
51.142	165.344
51.172	165.153
51.203	165.049
51.233	165.212
51.263	165.340
51.293	165.271
51.323	165.285
51.354	165.125
51.384	165.135
51.414	165.403
51.444	165.441
51.474	165.424
51.505	165.719
51.535	165.767
51.565	165.503
51.595	165.104
51.626	165.163
51.656	165.333
51.686	165.465
51.716	165.375
51.746	165.302
51.777	165.417
51.807	165.719
51.837	165.438
51.867	165.326
51.897	165.181
51.928	165.163
51.958	165.288
51.988	165.420
52.018	165.382
52.048	165.535
52.079	165.649
52.109	165.726
52.139	165.583
52.169	165.358
52.199	165.434
52.230	165.691
52.260	165.691
52.290	165.389
52.320	165.111
52.351	165.337
52.381	165.538
52.411	165.566
52.441	165.462
52.471	165.264
52.502	165.517
52.532	166.007
52.562	165.573
52.592	165.198
52.622	165.083
52.653	165.156
52.683	165.260
52.713	165.285
52.743	165.580
52.773	165.816
52.804	165.347
52.834	165.358
52.864	165.562
52.894	165.726
52.924	165.455
52.955	165.083
52.985	165.243
53.015	165.757
53.045	165.479
53.076	165.319
53.106	165.104
53.136	164.844
53.166	164.799
53.196	164.941
53.227	165.118
53.257	165.257
53.287	165.042
53.317	165.375
53.347	165.306
53.378	165.014
53.408	165.049
53.438	165.163
53.468	165.135
53.498	165.007
53.529	164.972
53.559	164.969
53.589	164.795
53.619	164.875
53.649	165.233
53.680	165.229
53.710	164.955
53.740	164.944
53.770	164.656
53.801	164.649
53.831	164.788
53.861	164.906
53.891	164.698
53.921	164.601
53.952	164.840
53.982	165.035
54.012	164.823
54.042	164.830
54.072	164.913
54.103	164.753
54.133	164.674
54.163	164.701
54.193	164.792
54.223	164.774
54.254	164.549
54.284	164.625
54.314	164.691
54.344	164.524
54.374	164.604
54.405	164.552
54.435	164.729
54.465	164.722
54.495	164.451
54.526	164.531
54.556	164.858
54.586	164.910
54.616	164.576
54.646	164.191
54.677	164.264
54.707	164.451
54.737	164.184
54.767	164.292
54.797	164.260
54.828	164.267
54.858	164.396
54.888	164.549
54.918	164.632
54.948	164.597
54.979	164.024
55.009	163.792
55.039	164.104
55.069	164.368
55.099	164.056
55.130	163.705
55.160	163.760
55.190	163.913
55.220	164.066
55.250	163.948
55.281	163.924
55.311	163.858
55.341	163.826
55.371	164.132
55.402	164.382
55.432	164.142
55.462	163.576
55.492	163.573
55.522	163.840
55.553	163.927
55.583	163.708
55.613	163.410
55.643	163.583
55.673	163.993
55.704	163.858
55.734	163.517
55.764	163.590
55.794	163.441
55.824	163.358
55.855	163.139
55.885	162.924
55.915	162.740
55.945	162.913
55.975	162.632
56.006	162.750
56.036	162.795
56.066	162.722
56.096	162.434
56.127	162.622
56.157	162.917
56.187	162.972
56.217	162.722
56.247	162.635
56.278	162.812
56.308	163.167
56.338	163.146
56.368	162.809
56.398	162.264
56.429	162.229
56.459	162.125
56.489	161.931
56.519	161.788
56.549	161.913
56.580	161.497
56.610	161.319
56.640	161.378
56.670	161.438
56.700	161.247
56.731	161.427
56.761	161.688
56.791	162.007
56.821	161.757
56.852	161.594
56.882	161.122
56.912	161.240
56.942	161.049
56.972	160.806
57.003	160.538
57.033	160.851
57.063	160.809
57.093	160.802
57.123	160.562
57.154	160.326
57.184	160.267
57.214	159.965
57.244	159.993
57.274	159.889
57.305	159.576
57.335	159.965
57.365	160.222
57.395	160.170
57.425	159.906
57.456	159.764
57.486	159.628
57.516	159.750
57.546	159.476
57.577	159.316
57.607	159.441
57.637	159.278
57.667	159.361
57.697	159.188
57.728	158.792
57.758	158.642
57.788	158.347
57.818	158.434
57.848	158.448
57.879	158.309
57.909	158.347
57.939	158.573
57.969	158.604
57.999	158.420
58.030	157.858
58.060	157.528
58.090	157.597
58.120	157.705
58.150	157.333
58.181	156.983
58.211	156.812
58.241	156.990
58.271	156.889
58.302	156.611
58.332	156.347
58.362	156.622
58.392	156.750
58.422	156.458
58.453	156.024
58.483	156.191
58.513	155.747
58.543	155.451
58.573	155.615
58.604	155.688
58.634	155.354
58.664	155.240
58.694	154.917
58.724	154.760
58.755	154.507
58.785	154.323
58.815	153.993
58.845	154.097
58.875	154.066
58.906	154.108
58.936	153.865
58.966	153.719
58.996	153.125
59.026	152.844
59.057	152.705
59.087	152.778
59.117	152.559
59.147	152.247
59.178	151.656
59.208	151.844
59.238	151.934
59.268	151.719
59.298	151.674
59.329	151.896
59.359	151.757
59.389	151.514
59.419	151.264
59.449	151.076
59.480	151.170
59.510	151.010
59.540	150.490
59.570	150.188
59.600	150.406
59.631	150.448
59.661	150.431
59.691	150.396
59.721	150.351
59.751	150.521
59.782	150.583
59.812	150.160
59.842	149.712
59.872	149.389
59.903	148.941
59.933	148.767
59.963	148.656
59.993	148.424
60.023	148.274
60.054	147.917
60.084	147.688
60.114	147.299
60.144	147.517
60.174	147.736
60.205	147.483
60.235	146.837
60.265	146.587
60.295	146.625
60.325	146.281
60.356	146.024
60.386	146.101
60.416	146.160
60.446	145.663
60.476	145.385
60.507	145.479
60.537	145.757
60.567	145.944
60.597	145.691
60.628	145.635
60.658	145.677
60.688	144.934
60.718	144.420
60.748	144.368
60.779	144.385
60.809	144.576
60.839	144.448
60.869	144.122
60.899	143.785
60.930	143.243
60.960	142.979
60.990	142.816
61.020	142.625
61.050	142.490
61.081	142.306
61.111	142.361
61.141	142.542
61.171	142.403
61.201	142.267
61.232	141.979
61.262	142.160
61.292	142.153
61.322	141.920
61.353	141.583
61.383	141.549
61.413	141.524
61.443	141.358
61.473	141.073
61.504	140.826
61.534	140.573
61.564	140.531
61.594	140.076
61.624	140.226
61.655	140.368
61.685	139.562
61.715	138.958
61.745	138.844
61.775	138.340
61.806	138.007
61.836	137.764
61.866	137.833
61.896	137.767
61.926	137.434
61.957	137.042
61.987	136.552
62.017	136.427
62.047	135.802
62.078	135.267
62.108	135.111
62.138	134.847
62.168	134.326
62.198	134.000
62.229	133.750
62.259	133.965
62.289	134.208
62.319	134.059
62.349	133.694
62.380	133.594
62.410	133.413
62.440	133.205
62.470	132.830
62.500	132.830
62.531	132.674
62.561	132.035
62.591	131.698
62.621	132.319
62.651	132.920
62.682	132.653
62.712	131.799
62.742	131.340
62.772	131.347
62.803	130.976
62.833	129.948
62.863	129.500
62.893	129.785
62.923	129.983
62.954	129.465
62.984	128.962
63.014	128.715
63.044	128.840
63.074	128.993
63.105	128.549
63.135	127.840
63.165	127.976
63.195	127.719
63.225	127.500
63.256	126.990
63.286	126.830
63.316	126.972
63.346	126.771
63.376	126.344
63.407	125.774
63.437	125.062
63.467	125.000
63.497	124.847
63.527	124.938
63.558	125.045
63.588	125.323
63.618	125.681
63.648	125.708
63.679	125.118
63.709	124.479
63.739	124.021
63.769	123.618
63.799	123.458
63.830	122.733
63.860	122.132
63.890	122.188
63.920	121.764
63.950	120.885
63.981	120.622
64.011	120.812
64.041	120.608
64.071	120.191
64.101	120.233
64.132	120.208
64.162	119.476
64.192	119.569
64.222	119.184
64.252	118.646
64.283	118.444
64.313	118.042
64.343	117.514
64.373	117.417
64.404	116.573
64.434	116.375
64.464	116.188
64.494	116.108
64.524	115.865
64.555	115.719
64.585	115.691
64.615	115.625
64.645	115.358
64.675	115.132
64.706	114.372
64.736	114.226
64.766	114.559
64.796	114.438
64.826	114.198
64.857	113.976
64.887	112.903
64.917	112.247
64.947	111.882
64.977	112.368
65.008	112.312
65.038	111.892
65.068	111.476
65.098	110.986
65.129	110.670
65.159	110.569
65.189	109.774
65.219	109.878
65.249	109.705
65.280	109.594
65.310	108.899
65.340	108.413
65.370	107.691
65.400	107.424
65.431	107.069
65.461	107.122
65.491	107.188
65.521	106.549
65.551	105.892
65.582	105.854
65.612	106.000
65.642	105.260
65.672	104.448
65.702	104.927
65.733	105.250
65.763	104.771
65.793	103.778
65.823	103.347
65.854	103.312
65.884	103.233
65.914	102.604
65.944	102.771
65.974	103.128
66.005	103.188
66.035	103.104
66.065	102.944
66.095	102.441
66.125	102.059
66.156	101.507
66.186	101.458
66.216	101.580
66.246	101.045
66.276	100.201
66.307	100.115
66.337	99.274
66.367	99.132
66.397	98.778
66.427	98.462
66.458	98.358
66.488	98.545
66.518	98.507
66.548	98.104
66.579	97.274
66.609	97.149
66.639	96.701
66.669	96.552
66.699	96.160
66.730	95.594
66.760	95.559
66.790	96.271
66.820	94.951
66.850	94.212
66.881	94.188
66.911	94.247
66.941	93.889
66.971	93.826
67.001	93.854
67.032	93.899
67.062	92.990
67.092	92.910
67.122	92.646
67.152	92.236
67.183	91.924
67.213	91.858
67.243	91.625
67.273	92.240
67.303	91.458
67.334	91.205
67.364	91.354
67.394	91.587
67.424	91.312
67.455	91.174
67.485	90.184
67.515	89.750
67.545	89.719
67.575	89.868
67.606	88.951
67.636	88.576
67.666	88.479
67.696	88.844
67.726	88.601
67.757	88.476
67.787	87.535
67.817	87.285
67.847	87.149
67.877	87.066
67.908	86.618
67.938	86.135
67.968	86.003
67.998	86.333
68.028	85.326
68.059	84.604
68.089	84.087
68.119	83.938
68.149	84.181
68.180	84.059
68.210	83.615
68.240	84.076
68.270	83.642
68.300	83.135
68.331	81.830
68.361	81.802
68.391	81.934
68.421	81.285
68.451	80.316
68.482	80.483
68.512	80.844
68.542	80.698
68.572	80.135
68.602	80.080
68.633	80.149
68.663	79.778
68.693	79.184
68.723	79.149
68.753	78.524
68.784	78.892
68.814	78.979
68.844	78.837
68.874	78.632
68.905	78.795
68.935	78.559
68.965	78.472
68.995	77.983
69.025	77.587
69.056	76.854
69.086	76.799
69.116	76.774
69.146	76.295
69.176	76.174
69.207	76.438
69.237	76.389
69.267	76.378
69.297	75.691
69.327	75.194
69.358	75.184
69.388	74.576
69.418	73.872
69.448	74.031
69.478	73.410
69.509	73.372
69.539	73.191
69.569	72.760
69.599	72.122
69.630	71.562
69.660	71.056
69.690	71.167
69.720	71.028
69.750	70.233
69.781	70.257
69.811	70.576
69.841	70.500
69.871	70.691
69.901	70.083
69.932	70.372
69.962	69.878
69.992	69.785
70.022	69.167
70.052	68.799
70.083	68.427
70.113	68.108
70.143	68.003
70.173	68.278
70.203	67.271
70.234	66.778
70.264	66.264
70.294	65.958
70.324	65.861
70.355	66.073
70.385	65.979
70.415	65.812
70.445	65.194
70.475	64.830
70.506	64.507
70.536	64.639
70.566	64.406
70.596	64.128
70.626	64.344
70.657	64.385
70.687	64.167
70.717	63.910
70.747	63.722
70.777	63.552
70.808	62.618
70.838	62.212
70.868	62.087
70.898	62.073
70.928	61.528
70.959	61.309
70.989	61.059
71.019	61.128
71.049	61.076
71.080	61.049
71.110	60.823
71.140	60.299
71.170	59.545
71.200	59.958
71.231	59.497
71.261	59.281
71.291	59.132
71.321	58.580
71.351	57.951
71.382	58.069
71.412	58.149
71.442	58.458
71.472	57.896
71.502	57.389
71.533	57.483
71.563	57.226
71.593	56.708
71.623	57.062
71.653	56.694
71.684	56.569
71.714	56.184
71.744	56.462
71.774	56.142
71.804	56.052
71.835	55.844
71.865	56.201
71.895	55.708
71.925	55.917
71.956	56.024
71.986	55.885
72.016	55.500
72.046	54.861
72.076	54.170
72.107	54.017
72.137	53.774
72.167	53.427
72.197	52.917
72.227	53.000
72.258	53.115
72.288	52.736
72.318	52.660
72.348	52.840
72.378	52.410
72.409	52.340
72.439	51.823
72.469	51.632
72.499	51.556
72.529	51.010
72.560	50.455
72.590	50.490
72.620	50.274
72.650	49.938
72.681	49.226
72.711	49.611
72.741	49.812
72.771	49.524
72.801	48.979
72.832	49.073
72.862	48.806
72.892	48.872
72.922	48.493
72.952	48.708
72.983	48.694
73.013	48.340
73.043	48.486
73.073	48.240
73.103	47.358
73.134	47.160
73.164	47.104
73.194	46.705
73.224	46.427
73.254	46.542
73.285	46.056
73.315	45.604
73.345	45.153
73.375	45.417
73.406	45.486
73.436	45.576
73.466	45.427
73.496	45.174
73.526	44.667
73.557	44.438
73.587	44.267
73.617	44.174
73.647	44.066
73.677	44.316
73.708	44.076
73.738	43.948
73.768	43.378
73.798	43.517
73.828	43.361
73.859	43.434
73.889	43.253
73.919	42.583
73.949	41.938
73.979	42.191
74.010	42.299
74.040	42.528
74.070	42.215
74.100	41.514
74.131	41.528
74.161	42.083
74.191	42.115
74.221	41.243
74.251	41.233
74.282	41.549
74.312	40.764
74.342	40.771
74.372	40.771
74.402	41.194
74.433	40.858
74.463	40.306
74.493	39.983
74.523	39.833
74.553	39.545
74.584	38.833
74.614	39.080
74.644	39.681
74.674	39.458
74.704	38.812
74.735	38.455
74.765	38.983
74.795	38.538
74.825	38.573
74.856	38.465
74.886	38.788
74.916	38.448
74.946	37.812
74.976	37.694
75.007	38.000
75.037	37.542
75.067	36.997
75.097	37.264
75.127	37.542
75.158	36.865
75.188	36.701
75.218	36.948
75.248	37.372
75.278	36.729
75.309	36.562
75.339	35.816
75.369	35.653
75.399	35.976
75.429	36.330
75.460	36.139
75.490	36.108
75.520	35.885
75.550	35.861
75.580	35.101
75.611	35.292
75.641	35.146
75.671	34.243
75.701	33.354
75.732	34.045
75.762	34.351
75.792	34.837
75.822	34.656
75.852	34.750
75.883	34.917
75.913	34.660
75.943	34.622
75.973	34.580
76.003	33.524
76.034	33.250
76.064	33.465
76.094	33.538
76.124	33.128
76.154	33.326
76.185	32.740
76.215	32.486
76.245	32.330
76.275	32.802
76.305	32.927
76.336	32.993
76.366	32.788
76.396	32.580
76.426	32.198
76.457	32.326
76.487	31.622
76.517	31.406
76.547	31.139
76.577	31.476
76.608	31.431
76.638	31.889
76.668	31.486
76.698	30.618
76.728	30.184
76.759	30.535
76.789	30.771
76.819	30.448
76.849	29.840
76.879	29.931
76.910	29.771
76.940	29.712
76.970	29.472
77.000	29.483
77.030	29.271
77.061	28.990
77.091	29.146
77.121	29.500
77.151	29.163
77.182	29.042
77.212	28.517
77.242	28.649
77.272	28.344
77.302	27.708
77.333	27.660
77.363	27.983
77.393	28.253
77.423	28.733
77.453	27.854
77.484	28.128
77.514	28.104
77.544	27.847
77.574	27.632
77.604	27.507
77.635	27.167
77.665	26.705
77.695	26.188
77.725	26.076
77.755	26.295
77.786	26.497
77.816	26.705
77.846	26.903
77.876	26.958
77.907	26.976
77.937	25.913
77.967	26.035
77.997	26.274
78.027	25.997
78.058	25.462
78.088	25.115
78.118	24.938
78.148	25.260
78.178	25.434
78.209	25.944
78.239	25.587
78.269	25.611
78.299	25.757
78.329	25.174
78.360	24.726
78.390	24.778
78.420	24.601
78.450	24.431
78.480	24.156
78.511	24.479
78.541	24.285
78.571	23.670
78.601	23.257
78.632	24.170
78.662	23.917
78.692	24.177
78.722	23.688
78.752	23.726
78.783	23.670
78.813	23.559
78.843	23.549
78.873	23.490
78.903	23.271
78.934	23.625
78.964	23.580
78.994	23.347
79.024	23.337
79.054	22.524
79.085	21.503
79.115	22.299
79.145	23.253
79.175	22.764
79.205	22.128
79.236	22.674
79.266	23.014
79.296	22.694
79.326	21.733
79.357	22.111
79.387	22.028
79.417	21.812
79.447	21.701
79.477	21.760
79.508	21.646
79.538	21.507
79.568	21.708
79.598	22.024
79.628	21.875
79.659	21.965
79.689	21.733
79.719	21.649
79.749	21.184
79.779	20.622
79.810	20.847
79.840	21.743
79.870	20.927
79.900	20.566
79.930	20.562
79.961	20.608
79.991	20.194
80.021	19.938
80.051	19.920
80.081	20.653
80.112	20.399
80.142	20.198
80.172	19.542
80.202	19.545
80.233	20.451
80.263	20.274
80.293	19.500
80.323	19.260
80.353	19.222
80.384	19.531
80.414	19.215
80.444	19.017
80.474	19.031
80.504	19.024
80.535	18.969
80.565	19.049
80.595	18.892
80.625	18.597
80.655	18.028
80.686	18.247
80.716	19.219
80.746	19.090
80.776	18.472
80.806	18.639
80.837	18.347
80.867	18.767
80.897	18.736
80.927	18.427
80.958	18.403
80.988	18.594
81.018	18.545
81.048	18.378
81.078	17.885
81.109	18.104
81.139	18.062
81.169	17.802
81.199	17.882
81.229	17.580
81.260	17.309
81.290	17.368
81.320	16.972
81.350	16.892
81.380	17.163
81.411	17.472
81.441	17.365
81.471	17.139
81.501	16.576
81.531	16.653
81.562	16.854
81.592	17.778
81.622	17.892
81.652	17.747
81.683	16.528
81.713	16.611
81.743	16.326
81.773	16.146
81.803	16.226
81.834	16.816
81.864	16.705
81.894	17.014
81.924	16.517
81.954	16.500
81.985	16.837
82.015	17.309
82.045	16.510
82.075	16.139
82.105	16.271
82.136	15.965
82.166	15.642
82.196	16.292
82.226	16.038
82.256	16.215
82.287	15.590
82.317	15.660
82.347	15.635
82.377	15.278
82.408	15.549
82.438	15.910
82.468	15.312
82.498	15.340
82.528	14.823
82.559	14.677
82.589	14.552
82.619	14.941
82.649	14.681
82.679	14.226
82.710	13.726
82.740	13.892
82.770	13.892
82.800	14.653
82.830	14.233
82.861	13.806
82.891	13.771
82.921	14.514
82.951	14.743
82.981	14.083
83.012	13.080
83.042	13.413
83.072	14.184
83.102	13.292
83.133	12.531
83.163	13.573
83.193	13.670
83.223	12.986
83.253	12.125
83.284	12.646
83.314	12.670
83.344	12.476
83.374	12.069
83.404	12.323
83.435	12.122
83.465	12.080
83.495	12.410
83.525	12.938
83.555	12.892
83.586	12.743
83.616	11.993
83.646	11.674
83.676	11.420
83.706	12.021
83.737	11.865
83.767	11.993
83.797	12.122
83.827	11.962
83.858	11.889
83.888	12.285
83.918	12.295
83.948	12.163
83.978	11.500
84.009	12.222
84.039	12.417
84.069	11.955
84.099	11.378
84.129	11.858
84.160	12.017
84.190	11.812
84.220	11.056
84.250	10.986
84.280	11.010
84.311	11.035
84.341	10.986
84.371	11.097
84.401	11.295
84.431	11.177
84.462	10.767
84.492	11.007
84.522	11.618
84.552	11.361
84.582	10.944
84.613	10.872
84.643	10.493
84.673	10.538
84.703	10.378
84.734	10.910
84.764	11.201
84.794	11.424
84.824	10.840
84.854	10.108
84.885	10.292
84.915	11.257
84.945	11.174
84.975	11.194
85.005	11.059
85.036	11.229
85.066	11.208
85.096	10.694
85.126	10.132
85.156	10.198
85.187	10.219
85.217	10.448
85.247	10.847
85.277	11.132
85.307	10.875
85.338	10.389
85.368	9.583
85.398	9.691
85.428	9.788
85.459	10.017
85.489	9.490
85.519	9.163
85.549	9.552
85.579	10.090
85.610	10.455
85.640	10.455
85.670	9.906
85.700	10.288
85.730	10.868
85.761	10.066
85.791	9.066
85.821	9.469
85.851	9.899
85.881	10.007
85.912	8.979
85.942	9.444
85.972	9.469
86.002	9.236
86.032	9.014
86.063	9.160
86.093	9.292
86.123	9.170
86.153	8.608
86.184	8.934
86.214	8.767
86.244	8.691
86.274	8.559
86.304	8.417
86.335	8.587
86.365	8.865
86.395	8.826
86.425	8.816
86.455	8.472
86.486	8.257
86.516	8.594
86.546	8.514
86.576	8.021
86.606	7.983
86.637	8.819
86.667	9.642
86.697	8.677
86.727	8.021
86.757	8.486
86.788	8.826
86.818	8.906
86.848	8.663
86.878	8.295
86.909	8.740
86.939	8.372
86.969	8.486
86.999	8.549
87.029	8.347
87.060	8.837
87.090	9.278
87.120	8.399
87.150	8.181
87.180	7.958
87.211	8.122
87.241	8.476
87.271	7.802
87.301	7.573
87.331	8.375
87.362	8.181
87.392	7.694
87.422	7.219
87.452	7.378
87.482	8.042
87.513	8.281
87.543	8.285
87.573	8.267
87.603	7.819
87.634	7.826
87.664	7.788
87.694	7.712
87.724	7.771
87.754	7.281
87.785	6.799
87.815	7.038
87.845	7.344
87.875	7.500
87.905	7.410
87.936	8.000
87.966	8.156
87.996	7.646
88.026	7.483
88.056	7.142
88.087	7.191
88.117	7.552
88.147	7.646
88.177	7.587
88.207	7.594
88.238	7.385
88.268	7.160
88.298	7.299
88.328	7.382
88.358	7.208
88.389	6.712
88.419	7.056
88.449	7.274
88.479	6.427
88.510	5.872
88.540	6.493
88.570	6.979
88.600	6.903
88.630	6.660
88.661	6.545
88.691	6.677
88.721	6.604
88.751	6.354
88.781	6.024
88.812	6.566
88.842	6.826
88.872	7.365
88.902	7.101
88.932	6.611
88.963	6.503
88.993	6.361
89.023	6.347
89.053	6.552
89.083	6.285
89.114	6.399
89.144	6.396
89.174	6.208
89.204	6.215
89.235	6.319
89.265	6.163
89.295	6.049
89.325	5.740
89.355	5.410
89.386	5.622
89.416	6.316
89.446	6.441
89.476	6.358
89.506	5.885
89.537	5.965
89.567	6.931
89.597	6.576
89.627	5.417
89.657	5.691
89.688	6.521
89.718	6.535
89.748	6.233
89.778	6.024
89.808	6.399
89.839	6.250
89.869	6.021
89.899	5.976
89.929	6.101
89.960	6.080
89.990	6.128
90.020	5.705
90.050	5.809
90.080	6.424
90.111	6.389
90.141	6.278
90.171	6.240
90.201	5.878
90.231	5.625
90.262	5.535
90.292	5.365
90.322	5.795
90.352	5.948
90.382	6.062
90.413	6.226
90.443	5.906
90.473	5.830
90.503	5.170
90.533	4.889
90.564	4.958
90.594	5.309
90.624	5.597
90.654	5.764
90.685	6.344
90.715	6.396
90.745	5.868
90.775	5.913
90.805	6.122
90.836	5.958
90.866	5.233
90.896	5.208
90.926	5.625
90.956	5.771
90.987	5.087
91.017	4.774
91.047	5.215
91.077	5.128
91.107	4.944
91.138	5.583
91.168	4.993
91.198	4.965
91.228	4.913
91.258	5.035
91.289	5.021
91.319	5.142
91.349	5.281
91.379	4.705
91.410	4.875
91.440	5.753
91.470	5.229
91.500	4.823
91.530	4.750
91.561	4.990
91.591	5.135
91.621	5.111
91.651	4.847
91.681	5.010
91.712	5.167
91.742	5.833
91.772	5.149
91.802	4.719
91.832	4.538
91.863	4.552
91.893	4.431
91.923	4.920
91.953	4.625
91.983	4.896
92.014	5.049
92.044	5.413
92.074	5.292
92.104	5.003
92.135	5.420
92.165	5.135
92.195	4.233
92.225	4.632
92.255	4.858
92.286	5.538
92.316	4.833
92.346	4.583
92.376	4.288
92.406	4.302
92.437	4.552
92.467	4.924
92.497	5.156
92.527	4.806
92.557	4.500
92.588	4.830
92.618	4.896
92.648	4.392
92.678	4.233
92.708	5.035
92.739	4.941
92.769	4.979
92.799	4.774
92.829	4.656
92.859	4.472
92.890	4.486
92.920	4.174
92.950	4.108
92.980	4.465
93.011	4.281
93.041	4.569
93.071	4.281
93.101	4.163
93.131	4.708
93.162	4.854
93.192	4.347
93.222	4.101
93.252	4.236
93.282	4.361
93.313	4.163
93.343	4.198
93.373	4.337
93.403	4.319
93.433	4.167
93.464	4.455
93.494	4.295
93.524	3.955
93.554	3.747
93.584	3.917
93.615	4.358
93.645	4.385
93.675	4.024
93.705	4.014
93.736	4.000
93.766	4.441
93.796	4.819
93.826	4.344
93.856	4.115
93.887	3.556
93.917	4.021
93.947	4.382
93.977	4.288
94.007	4.062
94.038	3.844
94.068	3.792
94.098	4.267
94.128	3.896
94.158	3.812
94.189	3.396
94.219	3.545
94.249	3.753
94.279	4.042
94.309	4.611
94.340	3.837
94.370	3.361
94.400	4.139
94.430	4.274
94.461	4.243
94.491	3.618
94.521	3.448
94.551	3.903
94.581	3.924
94.612	3.868
94.642	4.122
94.672	4.465
94.702	4.045
94.732	3.212
94.763	3.854
94.793	3.719
94.823	3.788
94.853	3.594
94.883	3.500
94.914	3.274
94.944	3.490
94.974	3.566
95.004	3.635
95.034	3.948
95.065	3.997
95.095	3.781
95.125	4.056
95.155	3.837
95.186	3.608
95.216	3.285
95.246	3.507
95.276	3.514
95.306	3.392
95.337	3.663
95.367	4.097
95.397	3.965
95.427	3.375
95.457	3.226
95.488	3.503
95.518	3.778
95.548	3.889
95.578	3.878
95.608	3.556
95.639	3.795
95.669	3.785
95.699	3.781
95.729	3.899
95.759	3.642
95.790	3.587
95.820	3.201
95.850	3.542
95.880	3.688
95.911	4.163
95.941	3.625
95.971	3.333
96.001	3.448
96.031	3.556
96.062	3.500
96.092	4.056
96.122	3.458
96.152	3.434
96.182	3.951
96.213	4.365
96.243	3.944
96.273	3.330
96.303	3.337
96.333	3.542
96.364	3.757
96.394	3.597
96.424	3.194
96.454	3.347
96.484	3.507
96.515	3.385
96.545	3.128
96.575	3.358
96.605	3.455
96.635	3.392
96.666	3.142
96.696	3.066
96.726	3.288
96.756	3.594
96.787	3.104
96.817	2.990
96.847	3.250
96.877	3.715
96.907	3.788
96.938	3.705
96.968	3.604
96.998	3.337
97.028	3.115
97.058	2.910
97.089	3.590
97.119	3.830
97.149	3.247
97.179	3.212
97.209	3.451
97.240	3.431
97.270	3.566
97.300	3.830
97.330	3.951
97.360	3.528
97.391	2.799
97.421	3.003
97.451	3.076
97.481	3.413
97.512	3.066
97.542	3.309
97.572	3.524
97.602	3.431
97.632	3.271
97.663	3.188
97.693	3.118
97.723	3.132
97.753	3.128
97.783	3.510
97.814	3.351
97.844	3.465
97.874	3.729
97.904	3.354
97.934	3.264
97.965	3.431
97.995	3.424
98.025	3.677
98.055	3.073
98.085	2.597
98.116	2.878
98.146	3.094
98.176	2.986
98.206	3.021
98.237	3.198
98.267	3.823
98.297	3.753
98.327	3.455
98.357	3.510
98.388	3.997
98.418	3.885
98.448	3.747
98.478	3.295
98.508	3.618
98.539	3.444
98.569	3.108
98.599	2.951
98.629	3.139
98.659	3.260
98.690	3.646
98.720	3.781
98.750	4.104
98.780	3.438
98.810	2.938
98.841	3.243
98.871	3.604
98.901	3.917
98.931	3.510
98.962	3.007
98.992	3.271
99.022	3.490
99.052	3.326
99.082	2.941
99.113	3.465
99.143	3.503
99.173	3.427
99.203	3.021
99.233	2.931
99.264	3.128
99.294	3.299
99.324	2.979
99.354	3.837
99.384	4.330
99.415	3.469
99.445	2.882
99.475	3.542
99.505	3.802
99.535	2.983
99.566	2.639
99.596	3.333
99.626	3.545
99.656	3.174
99.687	3.215
99.717	3.441
99.747	3.587
99.777	3.333
99.807	3.111
99.838	3.233
99.868	3.160
99.898	3.024
99.928	2.535
99.958	2.740
99.989	3.198
100.019	3.490
100.049	3.385
100.079	3.438
100.109	3.462
100.140	3.306
100.170	2.844
100.200	3.073
100.230	3.385
100.260	3.115
100.291	2.667
100.321	2.573
100.351	2.802
100.381	3.083
100.412	3.031
100.442	3.740
100.472	4.000
100.502	3.823
100.532	3.750
100.563	3.573
100.593	3.344
100.623	3.396
100.653	2.660
100.683	2.795
100.714	2.559
100.744	2.274
100.774	2.410
100.804	2.743
100.834	2.990
100.865	3.125
100.895	3.323
100.925	3.625
100.955	3.406
100.985	2.698
101.016	2.628
101.046	3.128
101.076	2.969
101.106	2.583
101.136	2.583
101.167	2.979
101.197	3.104
101.227	2.854
101.257	2.552
101.288	2.490
101.318	3.000
101.348	3.750
101.378	3.135
101.408	2.938
101.439	2.823
101.469	2.875
101.499	2.969
101.529	3.219
101.559	3.271
101.590	3.177
101.620	3.073
101.650	3.167
101.680	3.097
101.710	2.743
101.741	2.889
101.771	3.024
101.801	2.573
101.831	2.312
101.861	2.694
101.892	2.913
101.922	2.747
101.952	2.601
101.982	2.469
102.013	2.635
102.043	2.444
102.073	2.247
102.103	2.385
102.133	2.760
102.164	3.139
102.194	2.722
102.224	2.274
102.254	2.941
102.284	3.542
102.315	3.198
102.345	2.288
102.375	2.549
102.405	2.708
102.435	2.375
102.466	2.486
102.496	3.142
102.526	2.872
102.556	2.684
102.586	2.382
102.617	3.090
102.647	3.201
102.677	2.826
102.707	2.358
102.738	3.212
102.768	3.753
102.798	3.295
102.828	2.198
102.858	2.281
102.889	2.562
102.919	2.438
102.949	2.642
102.979	2.736
103.009	2.983
103.040	2.872
103.070	2.806
103.100	3.042
103.130	2.812
103.160	2.549
103.191	2.771
103.221	2.990
103.251	3.271
103.281	3.146
103.311	2.448
103.342	2.479
103.372	2.281
103.402	2.281
103.432	2.326
103.463	2.431
103.493	2.399
103.523	2.528
103.553	1.913
103.583	1.861
103.614	1.941
103.644	2.306
103.674	2.267
103.704	2.017
103.734	2.170
103.765	2.160
103.795	2.635
103.825	2.510
103.855	1.941
103.885	1.608
103.916	1.663
103.946	1.715
103.976	1.892
104.006	2.462
104.036	2.271
104.067	2.142
104.097	2.167
104.127	2.240
104.157	2.056
104.188	2.035
104.218	2.260
104.248	2.156
104.278	2.024
104.308	2.420
104.339	2.625
104.369	1.927
104.399	2.170
104.429	2.316
104.459	1.892
104.490	1.632
104.520	1.760
104.550	2.104
104.580	2.177
104.610	2.083
104.641	1.771
104.671	2.000
104.701	2.333
104.731	2.125
104.761	1.677
104.792	1.531
104.822	1.948
104.852	1.990
104.882	2.181
104.913	2.514
104.943	2.410
104.973	2.108
105.003	1.604
105.033	2.250
105.064	2.385
105.094	1.667
