0.000	1.357
0.025	1.254
0.050	1.220
0.076	1.262
0.101	1.272
0.126	1.344
0.151	1.132
0.177	1.222
0.202	1.272
0.227	1.177
0.252	1.172
0.278	1.254
0.303	1.265
0.328	1.204
0.353	0.996
0.378	1.047
0.404	1.283
0.429	1.423
0.454	1.328
0.479	1.392
0.505	1.388
0.530	1.425
0.555	1.211
0.580	1.245
0.606	1.217
0.631	1.320
0.656	1.378
0.681	1.262
0.706	1.195
0.732	1.213
0.757	1.127
0.782	1.265
0.807	1.306
0.833	1.314
0.858	1.309
0.883	1.430
0.908	1.433
0.934	1.433
0.959	1.230
0.984	1.177
1.009	1.292
1.035	1.263
1.060	1.135
1.085	1.235
1.110	1.254
1.135	1.143
1.161	1.093
1.186	1.267
1.211	1.359
1.236	1.258
1.262	1.202
1.287	1.398
1.312	1.463
1.337	1.370
1.363	1.090
1.388	1.222
1.413	1.195
1.438	1.184
1.463	1.407
1.489	1.496
1.514	1.380
1.539	1.335
1.564	1.296
1.590	1.429
1.615	1.486
1.640	1.261
1.665	1.235
1.691	1.158
1.716	1.185
1.741	1.246
1.766	1.270
1.791	1.442
1.817	1.414
1.842	1.281
1.867	1.466
1.892	1.548
1.918	1.407
1.943	1.375
1.968	1.231
1.993	1.273
2.019	1.230
2.044	1.259
2.069	1.274
2.094	1.404
2.119	1.320
2.145	1.278
2.170	1.256
2.195	1.277
2.220	1.391
2.246	1.526
2.271	1.447
2.296	1.291
2.321	1.201
2.347	1.278
2.372	1.311
2.397	1.272
2.422	1.321
2.447	1.350
2.473	1.264
2.498	1.285
2.523	1.350
2.548	1.350
2.574	1.243
2.599	1.288
2.624	1.253
2.649	1.330
2.675	1.459
2.700	1.255
2.725	1.168
2.750	1.244
2.776	1.408
2.801	1.519
2.826	1.422
2.851	1.414
2.876	1.451
2.902	1.332
2.927	1.390
2.952	1.535
2.977	1.518
3.003	1.372
3.028	1.490
3.053	1.575
3.078	1.448
3.104	1.308
3.129	1.333
3.154	1.452
3.179	1.637
3.204	1.557
3.230	1.425
3.255	1.534
3.280	1.600
3.305	1.470
3.331	1.451
3.356	1.541
3.381	1.545
3.406	1.638
3.432	1.626
3.457	1.438
3.482	1.342
3.507	1.469
3.532	1.624
3.558	1.665
3.583	1.353
3.608	1.272
3.633	1.383
3.659	1.433
3.684	1.387
3.709	1.419
3.734	1.534
3.760	1.539
3.785	1.481
3.810	1.376
3.835	1.392
3.860	1.439
3.886	1.456
3.911	1.451
3.936	1.504
3.961	1.506
3.987	1.532
4.012	1.544
4.037	1.623
4.062	1.578
4.088	1.553
4.113	1.622
4.138	1.636
4.163	1.559
4.189	1.528
4.214	1.694
4.239	1.702
4.264	1.607
4.289	1.638
4.315	1.709
4.340	1.646
4.365	1.656
4.390	1.530
4.416	1.555
4.441	1.494
4.466	1.549
4.491	1.630
4.517	1.534
4.542	1.587
4.567	1.802
4.592	1.905
4.617	1.897
4.643	1.899
4.668	1.832
4.693	1.818
4.718	1.847
4.744	1.840
4.769	1.857
4.794	1.860
4.819	1.995
4.845	1.908
4.870	1.805
4.895	1.869
4.920	1.965
4.945	1.877
4.971	1.826
4.996	1.764
5.021	1.941
5.046	1.980
5.072	1.808
5.097	1.773
5.122	1.961
5.147	1.980
5.173	1.891
5.198	1.877
5.223	1.941
5.248	2.019
5.273	1.951
5.299	1.829
5.324	1.887
5.349	1.972
5.374	2.086
5.400	1.801
5.425	1.743
5.450	1.716
5.475	1.880
5.501	1.943
5.526	1.871
5.551	1.821
5.576	1.974
5.601	1.944
5.627	1.816
5.652	1.884
5.677	1.989
5.702	2.100
5.728	1.930
5.753	1.863
5.778	1.990
5.803	2.208
5.829	2.097
5.854	1.963
5.879	1.907
5.904	1.878
5.930	1.860
5.955	1.821
5.980	1.940
6.005	1.898
6.030	1.969
6.056	1.984
6.081	1.955
6.106	2.012
6.131	1.885
6.157	1.869
6.182	2.109
6.207	2.027
6.232	2.017
6.258	2.084
6.283	2.155
6.308	2.142
6.333	2.084
6.358	2.160
6.384	2.258
6.409	1.959
6.434	1.899
6.459	1.961
6.485	2.083
6.510	2.154
6.535	2.096
6.560	2.006
6.586	2.133
6.611	2.033
6.636	2.096
6.661	2.143
6.686	2.014
6.712	1.996
6.737	2.039
6.762	2.156
6.787	2.191
6.813	2.069
6.838	2.090
6.863	2.155
6.888	2.121
6.914	1.932
6.939	1.896
6.964	2.054
6.989	2.157
7.014	1.971
7.040	1.933
7.065	1.893
7.090	2.018
7.115	2.042
7.141	2.019
7.166	2.086
7.191	2.213
7.216	2.028
7.242	2.039
7.267	1.979
7.292	2.024
7.317	2.133
7.342	2.019
7.368	1.956
7.393	2.033
7.418	1.918
7.443	2.066
7.469	2.252
7.494	2.263
7.519	2.235
7.544	2.130
7.570	2.034
7.595	2.038
7.620	1.944
7.645	2.017
7.671	2.001
7.696	1.972
7.721	1.965
7.746	2.089
7.771	2.266
7.797	2.267
7.822	2.211
7.847	2.347
7.872	2.208
7.898	2.078
7.923	2.232
7.948	2.352
7.973	2.252
7.999	2.108
8.024	2.031
8.049	1.981
8.074	2.010
8.099	2.102
8.125	2.242
8.150	2.356
8.175	2.281
8.200	2.327
8.226	2.190
8.251	2.161
8.276	2.074
8.301	2.139
8.327	2.279
8.352	2.257
8.377	2.225
8.402	2.287
8.427	2.411
8.453	2.469
8.478	2.354
8.503	2.165
8.528	2.239
8.554	2.362
8.579	2.376
8.604	2.357
8.629	2.240
8.655	2.291
8.680	2.317
8.705	2.445
8.730	2.577
8.755	2.435
8.781	2.384
8.806	2.534
8.831	2.492
8.856	2.449
8.882	2.521
8.907	2.587
8.932	2.556
8.957	2.463
8.983	2.369
9.008	2.299
9.033	2.359
9.058	2.616
9.083	2.694
9.109	2.546
9.134	2.526
9.159	2.567
9.184	2.688
9.210	2.666
9.235	2.556
9.260	2.664
9.285	2.640
9.311	2.459
9.336	2.541
9.361	2.780
9.386	2.670
9.412	2.657
9.437	2.454
9.462	2.535
9.487	2.610
9.512	2.613
9.538	2.572
9.563	2.566
9.588	2.638
9.613	2.725
9.639	2.540
9.664	2.599
9.689	2.676
9.714	2.686
9.740	2.706
9.765	2.773
9.790	2.724
9.815	2.641
9.840	2.661
9.866	2.612
9.891	2.500
9.916	2.503
9.941	2.733
9.967	2.845
9.992	2.802
10.017	2.736
10.042	2.751
10.068	2.654
10.093	2.669
10.118	2.632
10.143	2.516
10.168	2.544
10.194	2.634
10.219	2.695
10.244	2.702
10.269	2.884
10.295	2.840
10.320	2.668
10.345	2.657
10.370	2.816
10.396	2.988
10.421	2.877
10.446	2.743
10.471	2.934
10.496	2.944
10.522	2.744
10.547	2.692
10.572	2.787
10.597	2.943
10.623	3.065
10.648	2.902
10.673	2.816
10.698	2.845
10.724	2.904
10.749	2.884
10.774	2.884
10.799	3.012
10.825	3.136
10.850	3.112
10.875	3.034
10.900	2.945
10.925	2.892
10.951	2.863
10.976	2.879
11.001	2.923
11.026	2.999
11.052	3.017
11.077	3.032
11.102	3.062
11.127	3.132
11.153	3.106
11.178	3.055
11.203	3.160
11.228	3.060
11.253	2.983
11.279	3.017
11.304	2.977
11.329	2.959
11.354	3.061
11.380	3.071
11.405	3.013
11.430	3.071
11.455	3.175
11.481	3.049
11.506	2.976
11.531	2.916
11.556	3.156
11.581	3.369
11.607	3.325
11.632	3.278
11.657	3.171
11.682	3.274
11.708	3.258
11.733	3.150
11.758	3.101
11.783	3.166
11.809	3.257
11.834	3.252
11.859	3.188
11.884	3.250
11.909	3.262
11.935	3.250
11.960	3.293
11.985	3.354
12.010	3.414
12.036	3.457
12.061	3.272
12.086	3.275
12.111	3.250
12.137	3.329
12.162	3.348
12.187	3.422
12.212	3.431
12.237	3.326
12.263	3.399
12.288	3.481
12.313	3.605
12.338	3.559
12.364	3.462
12.389	3.455
12.414	3.456
12.439	3.265
12.465	3.427
12.490	3.571
12.515	3.685
12.540	3.616
12.566	3.688
12.591	3.706
12.616	3.730
12.641	3.647
12.666	3.409
12.692	3.534
12.717	3.567
12.742	3.522
12.767	3.629
12.793	3.841
12.818	3.899
12.843	3.752
12.868	3.414
12.894	3.730
12.919	3.880
12.944	3.796
12.969	3.695
12.994	3.755
13.020	3.832
13.045	3.679
13.070	3.751
13.095	3.838
13.121	3.782
13.146	3.658
13.171	3.744
13.196	3.781
13.222	3.794
13.247	3.817
13.272	3.750
13.297	3.959
13.322	4.009
13.348	3.969
13.373	4.077
13.398	3.919
13.423	3.799
13.449	4.085
13.474	3.993
13.499	3.857
13.524	3.927
13.550	4.028
13.575	4.180
13.600	4.072
13.625	3.969
13.650	4.150
13.676	4.042
13.701	4.038
13.726	4.159
13.751	4.244
13.777	4.440
13.802	4.421
13.827	4.508
13.852	4.520
13.878	4.298
13.903	4.384
13.928	4.444
13.953	4.479
13.978	4.513
14.004	4.518
14.029	4.578
14.054	4.695
14.079	4.733
14.105	4.809
14.130	4.656
14.155	4.529
14.180	4.577
14.206	4.765
14.231	4.927
14.256	4.780
14.281	4.664
14.307	4.959
14.332	5.034
14.357	4.948
14.382	4.982
14.407	5.133
14.433	5.082
14.458	5.055
14.483	4.900
14.508	4.983
14.534	4.981
14.559	4.903
14.584	4.818
14.609	5.000
14.635	5.151
14.660	5.152
14.685	4.964
14.710	5.243
14.735	5.371
14.761	5.225
14.786	5.266
14.811	5.375
14.836	5.333
14.862	5.367
14.887	5.323
14.912	5.454
14.937	5.489
14.963	5.405
14.988	5.525
15.013	5.751
15.038	5.780
15.063	5.686
15.089	5.491
15.114	5.763
15.139	5.940
15.164	5.712
15.190	5.559
15.215	5.740
15.240	5.996
15.265	6.070
15.291	5.728
15.316	5.804
15.341	6.098
15.366	5.979
15.391	5.835
15.417	6.071
15.442	6.150
15.467	5.884
15.492	5.645
15.518	6.059
15.543	6.259
15.568	6.120
15.593	6.053
15.619	6.140
15.644	6.261
15.669	6.272
15.694	6.054
15.719	6.167
15.745	6.303
15.770	6.356
15.795	6.460
15.820	6.502
15.846	6.461
15.871	6.332
15.896	6.206
15.921	6.303
15.947	6.359
15.972	6.316
15.997	6.422
16.022	6.618
16.048	6.660
16.073	6.664
16.098	6.385
16.123	6.561
16.148	6.740
16.174	6.695
16.199	6.710
16.224	6.771
16.249	6.897
16.275	7.011
16.300	6.643
16.325	6.733
16.350	6.750
16.376	6.794
16.401	7.057
16.426	7.022
16.451	6.968
16.476	7.241
16.502	7.118
16.527	7.183
16.552	7.098
16.577	7.115
16.603	7.300
16.628	7.243
16.653	7.268
16.678	7.453
16.704	7.261
16.729	7.302
16.754	7.444
16.779	7.434
16.804	7.494
16.830	7.653
16.855	7.545
16.880	7.418
16.905	7.363
16.931	7.786
16.956	7.755
16.981	7.582
17.006	7.660
17.032	7.722
17.057	7.845
17.082	7.916
17.107	7.762
17.132	7.817
17.158	8.004
17.183	8.064
17.208	7.996
17.233	8.072
17.259	8.181
17.284	8.290
17.309	8.118
17.334	8.018
17.360	8.155
17.385	8.183
17.410	8.059
17.435	8.257
17.461	8.516
17.486	8.504
17.511	8.357
17.536	8.557
17.561	8.700
17.587	8.449
17.612	8.302
17.637	8.432
17.662	8.647
17.688	8.713
17.713	8.731
17.738	8.924
17.763	8.713
17.789	8.446
17.814	8.590
17.839	8.770
17.864	8.928
17.889	8.944
17.915	8.928
17.940	9.129
17.965	9.187
17.990	9.080
18.016	9.158
18.041	9.221
18.066	9.319
18.091	9.300
18.117	9.142
18.142	9.052
18.167	9.250
18.192	9.239
18.217	9.108
18.243	9.270
18.268	9.566
18.293	9.671
18.318	9.325
18.344	9.465
18.369	9.461
18.394	9.479
18.419	9.526
18.445	9.524
18.470	9.614
18.495	9.625
18.520	9.377
18.545	9.444
18.571	9.679
18.596	9.661
18.621	9.907
18.646	10.158
18.672	10.295
18.697	10.200
18.722	9.863
18.747	9.929
18.773	10.075
18.798	10.027
18.823	9.981
18.848	10.014
18.873	10.101
18.899	10.405
18.924	10.371
18.949	10.445
18.974	10.634
19.000	10.746
19.025	10.629
19.050	10.476
19.075	10.500
19.101	10.409
19.126	10.365
19.151	10.680
19.176	10.846
19.202	10.877
19.227	10.873
19.252	10.697
19.277	10.759
19.302	10.897
19.328	10.698
19.353	10.964
19.378	10.990
19.403	10.883
19.429	10.979
19.454	10.991
19.479	11.183
19.504	11.420
19.530	11.160
19.555	11.377
19.580	11.580
19.605	11.556
19.630	11.440
19.656	11.496
19.681	11.489
19.706	11.435
19.731	11.220
19.757	11.351
19.782	11.349
19.807	11.467
19.832	11.860
19.858	11.874
19.883	11.645
19.908	11.682
19.933	11.745
19.958	11.946
19.984	12.041
20.009	11.919
20.034	11.948
20.059	11.932
20.085	12.034
20.110	12.218
20.135	11.927
20.160	11.961
20.186	12.049
20.211	12.046
20.236	12.312
20.261	12.466
20.286	12.518
20.312	12.646
20.337	12.595
20.362	12.749
20.387	12.944
20.413	12.872
20.438	12.561
20.463	12.623
20.488	12.780
20.514	12.814
20.539	12.776
20.564	13.176
20.589	13.290
20.614	13.080
20.640	13.064
20.665	13.133
20.690	13.011
20.715	12.959
20.741	12.906
20.766	13.352
20.791	13.522
20.816	13.415
20.842	13.474
20.867	13.668
20.892	13.624
20.917	13.510
20.943	13.365
20.968	13.705
20.993	13.714
21.018	13.724
21.043	13.847
21.069	13.870
21.094	13.802
21.119	13.751
21.144	13.803
21.170	14.084
21.195	14.201
21.220	13.930
21.245	13.933
21.271	14.083
21.296	14.243
21.321	14.521
21.346	14.114
21.371	14.519
21.397	14.780
21.422	14.741
21.447	14.554
21.472	14.756
21.498	14.963
21.523	14.915
21.548	14.744
21.573	14.907
21.599	14.740
21.624	14.899
21.649	15.272
21.674	15.274
21.699	15.185
21.725	15.314
21.750	15.170
21.775	15.390
21.800	15.461
21.826	15.503
21.851	15.515
21.876	15.561
21.901	15.541
21.927	15.789
21.952	15.593
21.977	15.802
22.002	15.907
22.027	16.076
22.053	16.302
22.078	15.883
22.103	15.703
22.128	16.459
22.154	16.247
22.179	16.490
22.204	16.462
22.229	16.673
22.255	16.690
22.280	16.615
22.305	16.549
22.330	16.755
22.355	16.733
22.381	16.870
22.406	16.892
22.431	16.655
22.456	16.710
22.482	16.894
22.507	16.995
22.532	16.969
22.557	16.912
22.583	17.437
22.608	17.610
22.633	17.406
22.658	17.398
22.684	17.487
22.709	17.361
22.734	17.676
22.759	17.558
22.784	17.364
22.810	17.549
22.835	18.095
22.860	18.218
22.885	17.937
22.911	18.053
22.936	18.347
22.961	18.408
22.986	18.830
23.012	18.906
23.037	18.667
23.062	18.718
23.087	18.863
23.112	18.876
23.138	19.351
23.163	18.880
23.188	18.818
23.213	18.963
23.239	19.206
23.264	19.069
23.289	18.905
23.314	19.163
23.340	19.549
23.365	19.514
23.390	19.655
23.415	19.631
23.440	19.598
23.466	19.623
23.491	19.794
23.516	19.966
23.541	20.334
23.567	20.363
23.592	20.378
23.617	20.526
23.642	20.560
23.668	20.527
23.693	20.307
23.718	20.430
23.743	20.981
23.768	21.066
23.794	21.049
23.819	20.966
23.844	21.171
23.869	21.319
23.895	21.093
23.920	20.956
23.945	21.097
23.970	21.205
23.996	21.663
24.021	21.820
24.046	21.838
24.071	21.772
24.097	21.947
24.122	22.176
24.147	22.273
24.172	21.949
24.197	21.969
24.223	22.119
24.248	22.202
24.273	22.318
24.298	22.397
24.324	22.601
24.349	23.146
24.374	22.974
24.399	22.943
24.425	22.718
24.450	22.742
24.475	23.138
24.500	23.153
24.525	23.176
24.551	23.356
24.576	23.287
24.601	23.373
24.626	23.599
24.652	23.766
24.677	23.951
24.702	23.998
24.727	23.941
24.753	24.058
24.778	23.930
24.803	24.131
24.828	24.194
24.853	24.411
24.879	24.374
24.904	24.374
24.929	24.255
24.954	24.438
24.980	24.414
25.005	24.502
25.030	24.581
25.055	24.698
25.081	25.005
25.106	24.971
25.131	24.917
25.156	25.254
25.181	25.270
25.207	25.342
25.232	25.325
25.257	25.362
25.282	25.542
25.308	25.542
25.333	25.357
25.358	25.531
25.383	25.601
25.409	25.874
25.434	25.734
25.459	25.750
25.484	26.251
25.509	26.440
25.535	26.494
25.560	26.872
25.585	26.745
25.610	26.780
25.636	26.757
25.661	26.768
25.686	26.976
25.711	27.150
25.737	27.242
25.762	27.216
25.787	27.333
25.812	27.870
25.838	27.817
25.863	27.958
25.888	27.873
25.913	27.761
25.938	28.217
25.964	28.520
25.989	28.163
26.014	28.298
26.039	28.501
26.065	28.697
26.090	28.753
26.115	28.813
26.140	28.907
26.166	28.941
26.191	28.795
26.216	29.229
26.241	29.514
26.266	29.356
26.292	29.369
26.317	29.499
26.342	29.765
26.367	29.889
26.393	29.724
26.418	29.970
26.443	30.265
26.468	30.459
26.494	30.735
26.519	30.832
26.544	30.807
26.569	30.694
26.594	30.685
26.620	31.048
26.645	31.120
26.670	31.185
26.695	31.235
26.721	31.316
26.746	31.704
26.771	31.904
26.796	31.741
26.822	31.765
26.847	31.953
26.872	31.921
26.897	31.924
26.922	32.077
26.948	32.099
26.973	32.498
26.998	32.355
27.023	32.489
27.049	32.519
27.074	32.563
27.099	32.770
27.124	33.183
27.150	33.281
27.175	33.252
27.200	33.182
27.225	33.408
27.250	33.473
27.276	33.725
27.301	33.714
27.326	33.590
27.351	33.725
27.377	34.176
27.402	34.031
27.427	34.205
27.452	34.425
27.478	34.386
27.503	34.393
27.528	34.623
27.553	34.851
27.579	34.860
27.604	34.633
27.629	34.944
27.654	35.429
27.679	35.471
27.705	35.386
27.730	35.492
27.755	35.617
27.780	35.661
27.806	35.557
27.831	35.643
27.856	35.680
27.881	35.937
27.907	36.130
27.932	36.423
27.957	36.886
27.982	37.065
28.007	36.827
28.033	36.967
28.058	37.122
28.083	37.477
28.108	37.649
28.134	37.494
28.159	37.596
28.184	37.787
28.209	37.660
28.235	37.884
28.260	38.261
28.285	38.589
28.310	38.398
28.335	38.377
28.361	38.485
28.386	38.579
28.411	38.823
28.436	39.189
28.462	39.243
28.487	39.338
28.512	39.604
28.537	39.435
28.563	39.490
28.588	39.747
28.613	39.625
28.638	39.724
28.663	39.910
28.689	39.997
28.714	40.035
28.739	40.179
28.764	40.519
28.790	40.899
28.815	40.946
28.840	41.358
28.865	41.556
28.891	41.589
28.916	41.621
28.941	41.597
28.966	41.892
28.991	42.143
29.017	42.369
29.042	42.450
29.067	42.205
29.092	42.288
29.118	42.548
29.143	42.478
29.168	42.429
29.193	42.849
29.219	43.190
29.244	43.447
29.269	43.411
29.294	43.642
29.320	43.807
29.345	43.860
29.370	43.977
29.395	44.327
29.420	44.400
29.446	44.371
29.471	44.422
29.496	44.590
29.521	44.627
29.547	44.618
29.572	44.773
29.597	45.244
29.622	45.392
29.648	45.497
29.673	45.594
29.698	45.634
29.723	45.861
29.748	45.852
29.774	45.853
29.799	46.304
29.824	46.507
29.849	46.873
29.875	47.142
29.900	47.197
29.925	47.408
29.950	47.444
29.976	47.455
30.001	47.631
30.026	47.829
30.051	48.206
30.076	48.505
30.102	48.484
30.127	48.383
30.152	48.752
30.177	49.078
30.203	49.146
30.228	48.920
30.253	49.264
30.278	49.566
30.304	49.760
30.329	49.945
30.354	50.002
30.379	50.286
30.404	50.668
30.430	50.710
30.455	50.660
30.480	51.007
30.505	51.454
30.531	51.437
30.556	51.321
30.581	51.554
30.606	51.937
30.632	51.766
30.657	51.991
30.682	52.082
30.707	52.335
30.733	52.787
30.758	52.800
30.783	52.822
30.808	53.056
30.833	53.117
30.859	53.398
30.884	53.371
30.909	53.484
30.934	53.761
30.960	53.595
30.985	53.807
31.010	54.258
31.035	54.464
31.061	54.630
31.086	54.738
31.111	54.943
31.136	55.213
31.161	55.160
31.187	55.467
31.212	55.918
31.237	55.799
31.262	55.813
31.288	55.828
31.313	56.013
31.338	56.136
31.363	56.235
31.389	56.299
31.414	56.613
31.439	56.711
31.464	56.915
31.489	57.043
31.515	57.490
31.540	57.910
31.565	57.964
31.590	58.138
31.616	58.596
31.641	58.803
31.666	58.971
31.691	59.032
31.717	59.138
31.742	59.274
31.767	59.408
31.792	59.488
31.817	59.721
31.843	59.778
31.868	59.867
31.893	60.092
31.918	60.545
31.944	60.870
31.969	60.594
31.994	60.763
32.019	61.422
32.045	61.384
32.070	61.622
32.095	61.977
32.120	62.143
32.145	62.369
32.171	62.622
32.196	63.034
32.221	63.074
32.246	63.017
32.272	63.347
32.297	63.645
32.322	63.840
32.347	64.085
32.373	64.234
32.398	64.391
32.423	64.710
32.448	64.768
32.474	65.243
32.499	65.453
32.524	65.353
32.549	65.713
32.574	65.862
32.600	65.662
32.625	66.081
32.650	66.268
32.675	66.712
32.701	66.723
32.726	66.727
32.751	67.354
32.776	67.718
32.802	68.035
32.827	68.228
32.852	68.233
32.877	68.771
32.902	68.778
32.928	68.658
32.953	68.993
32.978	69.131
33.003	69.231
33.029	69.502
33.054	69.750
33.079	70.116
33.104	70.035
33.130	70.422
33.155	70.830
33.180	70.815
33.205	70.881
33.230	71.093
33.256	71.474
33.281	71.987
33.306	72.146
33.331	72.278
33.357	72.478
33.382	72.513
33.407	72.709
33.432	73.010
33.458	73.126
33.483	73.530
33.508	73.432
33.533	73.699
33.558	74.170
33.584	74.328
33.609	74.392
33.634	74.381
33.659	74.428
33.685	74.847
33.710	75.058
33.735	75.189
33.760	75.551
33.786	75.816
33.811	76.175
33.836	76.557
33.861	76.678
33.886	77.067
33.912	77.414
33.937	77.601
33.962	77.796
33.987	77.942
34.013	78.257
34.038	78.333
34.063	78.390
34.088	78.421
34.114	78.364
34.139	78.457
34.164	78.752
34.189	79.053
34.215	79.222
34.240	79.504
34.265	79.946
34.290	80.466
34.315	80.770
34.341	80.863
34.366	81.084
34.391	81.337
34.416	81.459
34.442	81.660
34.467	81.500
34.492	81.789
34.517	82.043
34.543	82.190
34.568	82.269
34.593	82.471
34.618	82.679
34.643	82.973
34.669	82.685
34.694	82.661
34.719	82.693
34.744	82.953
34.770	83.232
34.795	83.334
34.820	83.481
34.845	83.949
34.871	84.295
34.896	84.669
34.921	84.906
34.946	85.116
34.971	85.333
34.997	85.514
35.022	85.743
35.047	86.089
35.072	86.018
35.098	86.268
35.123	86.606
35.148	87.036
35.173	87.412
35.199	87.441
35.224	87.628
35.249	88.182
35.274	88.151
35.299	88.412
35.325	88.489
35.350	88.488
35.375	88.553
35.400	88.646
35.426	89.040
35.451	89.576
35.476	89.390
35.501	89.551
35.527	89.752
35.552	90.272
35.577	90.369
35.602	90.280
35.627	90.503
35.653	90.904
35.678	91.013
35.703	91.237
35.728	91.404
35.754	91.840
35.779	92.198
35.804	92.459
35.829	92.602
35.855	92.990
35.880	93.360
35.905	93.755
35.930	93.892
35.956	93.873
35.981	94.132
36.006	94.417
36.031	94.501
36.056	94.628
36.082	94.683
36.107	94.860
36.132	94.871
36.157	94.946
36.183	95.386
36.208	95.556
36.233	95.713
36.258	96.006
36.284	95.851
36.309	95.954
36.334	96.186
36.359	96.504
36.384	96.888
36.410	97.121
36.435	97.432
36.460	97.995
36.485	97.985
36.511	98.141
36.536	98.280
36.561	98.569
36.586	98.857
36.612	98.929
36.637	99.347
36.662	99.815
36.687	100.087
36.712	100.233
36.738	100.563
36.763	101.010
36.788	101.205
36.813	101.200
36.839	101.239
36.864	101.474
36.889	101.637
36.914	101.732
36.940	101.940
36.965	102.520
36.990	102.675
37.015	102.703
37.040	103.078
37.066	103.579
37.091	103.597
37.116	104.123
37.141	104.311
37.167	104.430
37.192	104.819
37.217	105.153
37.242	105.246
37.268	105.649
37.293	105.832
37.318	105.981
37.343	106.061
37.368	106.125
37.394	106.610
37.419	107.092
37.444	107.289
37.469	107.461
37.495	107.566
37.520	107.870
37.545	108.075
37.570	108.250
37.596	108.541
37.621	108.721
37.646	108.889
37.671	109.292
37.697	109.099
37.722	109.355
37.747	109.519
37.772	109.704
37.797	109.848
37.823	110.087
37.848	110.462
37.873	110.905
37.898	110.974
37.924	111.410
37.949	111.628
37.974	111.684
37.999	111.923
38.025	112.218
38.050	112.437
38.075	112.744
38.100	112.944
38.125	113.330
38.151	113.529
38.176	113.728
38.201	114.015
38.226	114.213
38.252	114.141
38.277	114.375
38.302	114.516
38.327	114.667
38.353	114.757
38.378	114.933
38.403	115.281
38.428	115.653
38.453	115.834
38.479	116.053
38.504	116.067
38.529	116.749
38.554	116.911
38.580	116.874
38.605	117.040
38.630	117.281
38.655	117.486
38.681	117.711
38.706	117.536
38.731	117.865
38.756	118.293
38.781	118.493
38.807	118.749
38.832	119.055
38.857	119.092
38.882	119.399
38.908	119.591
38.933	119.985
38.958	120.124
38.983	120.145
39.009	120.381
39.034	120.735
39.059	120.927
39.084	121.207
39.110	121.041
39.135	121.451
39.160	121.959
39.185	122.208
39.210	122.438
39.236	122.588
39.261	122.664
39.286	122.820
39.311	123.120
39.337	123.474
39.362	123.670
39.387	123.862
39.412	124.199
39.438	124.357
39.463	124.337
39.488	124.574
39.513	124.894
39.538	125.013
39.564	124.963
39.589	125.041
39.614	125.397
39.639	125.526
39.665	125.495
39.690	125.802
39.715	125.977
39.740	126.182
39.766	126.430
39.791	126.675
39.816	126.934
39.841	126.969
39.866	127.130
39.892	127.483
39.917	127.670
39.942	127.899
39.967	128.085
39.993	128.359
40.018	128.704
40.043	128.873
40.068	128.981
40.094	129.500
40.119	129.653
40.144	130.116
40.169	130.165
40.194	130.233
40.220	130.397
40.245	130.352
40.270	130.398
40.295	130.607
40.321	130.425
40.346	130.684
40.371	130.844
40.396	131.157
40.422	131.317
40.447	131.314
40.472	131.501
40.497	131.973
40.522	131.987
40.548	132.056
40.573	132.001
40.598	132.135
40.623	132.213
40.649	132.158
40.674	132.311
40.699	132.665
40.724	132.644
40.750	132.906
40.775	133.168
40.800	133.410
40.825	133.805
40.851	134.069
40.876	134.090
40.901	134.342
40.926	134.295
40.951	134.466
40.977	134.496
41.002	134.725
41.027	134.989
41.052	135.024
41.078	135.218
41.103	135.437
41.128	135.263
41.153	135.439
41.179	135.539
41.204	135.854
41.229	135.889
41.254	135.690
41.279	135.810
41.305	136.310
41.330	136.315
41.355	136.525
41.380	136.651
41.406	137.044
41.431	137.327
41.456	137.181
41.481	137.356
41.507	137.914
41.532	137.721
41.557	137.889
41.582	138.041
41.607	138.264
41.633	138.371
41.658	138.371
41.683	138.417
41.708	138.780
41.734	138.735
41.759	139.029
41.784	139.107
41.809	139.276
41.835	139.357
41.860	139.446
41.885	139.611
41.910	139.721
41.935	139.802
41.961	140.062
41.986	140.123
42.011	140.121
42.036	140.240
42.062	140.396
42.087	140.378
42.112	140.756
42.137	140.776
42.163	141.058
42.188	141.138
42.213	141.253
42.238	141.306
42.263	141.306
42.289	141.451
42.314	141.780
42.339	141.646
42.364	141.861
42.390	141.949
42.415	142.185
42.440	142.228
42.465	142.293
42.491	142.486
42.516	142.847
42.541	142.703
42.566	142.930
42.592	143.154
42.617	143.181
42.642	143.054
42.667	143.244
42.692	143.507
42.718	143.835
42.743	143.668
42.768	143.962
42.793	144.240
42.819	144.459
42.844	144.296
42.869	144.282
42.894	144.430
42.920	144.637
42.945	144.486
42.970	144.757
42.995	145.041
43.020	145.139
43.046	145.050
43.071	145.091
43.096	145.023
43.121	145.237
43.147	145.160
43.172	145.474
43.197	145.729
43.222	145.736
43.248	145.703
43.273	145.782
43.298	145.832
43.323	146.047
43.348	146.129
43.374	146.043
43.399	146.080
43.424	146.409
43.449	146.580
43.475	146.450
43.500	146.352
43.525	146.556
43.550	146.660
43.576	146.839
43.601	146.944
43.626	147.150
43.651	147.357
43.676	147.307
43.702	147.173
43.727	147.440
43.752	147.485
43.777	147.945
43.803	147.985
43.828	148.041
43.853	148.098
43.878	148.359
43.904	148.559
43.929	148.756
43.954	148.499
43.979	148.626
44.005	148.722
44.030	149.035
44.055	149.372
44.080	149.416
44.105	149.268
44.131	149.394
44.156	149.576
44.181	149.971
44.206	149.832
44.232	149.690
44.257	149.772
44.282	149.997
44.307	150.122
44.333	150.262
44.358	150.083
44.383	150.332
44.408	150.506
44.433	150.629
44.459	150.655
44.484	150.713
44.509	150.764
44.534	150.994
44.560	150.839
44.585	150.917
44.610	150.939
44.635	151.242
44.661	151.479
44.686	151.419
44.711	151.270
44.736	151.416
44.761	151.401
44.787	151.638
44.812	151.709
44.837	151.658
44.862	151.704
44.888	151.995
44.913	152.091
44.938	152.077
44.963	152.050
44.989	152.302
45.014	152.265
45.039	152.387
45.064	152.563
45.089	152.648
45.115	152.742
45.140	152.912
45.165	152.803
45.190	152.976
45.216	152.927
45.241	153.057
45.266	153.166
45.291	153.351
45.317	153.316
45.342	153.258
45.367	153.144
45.392	153.413
45.417	153.465
45.443	153.447
45.468	153.444
45.493	153.519
45.518	153.633
45.544	153.790
45.569	153.503
45.594	153.617
45.619	153.683
45.645	153.878
45.670	154.021
45.695	153.978
45.720	153.928
45.746	154.159
45.771	153.966
45.796	154.187
45.821	154.217
45.846	154.367
45.872	154.245
45.897	154.332
45.922	154.492
45.947	154.671
45.973	154.668
45.998	154.761
46.023	154.783
46.048	154.869
46.074	154.921
46.099	154.944
46.124	154.934
46.149	155.158
46.174	155.211
46.200	155.246
46.225	155.359
46.250	155.432
46.275	155.136
46.301	154.997
46.326	155.142
46.351	155.449
46.376	155.447
46.402	155.439
46.427	155.369
46.452	155.351
46.477	155.563
46.502	155.632
46.528	155.516
46.553	155.633
46.578	155.714
46.603	155.894
46.629	155.699
46.654	155.789
46.679	155.876
46.704	155.795
46.730	155.856
46.755	156.069
46.780	155.928
46.805	155.935
46.830	156.051
46.856	156.223
46.881	156.228
46.906	156.235
46.931	156.213
46.957	156.247
46.982	156.152
47.007	156.181
47.032	156.146
47.058	156.213
47.083	156.349
47.108	156.436
47.133	156.332
47.158	156.377
47.184	156.476
47.209	156.623
47.234	156.611
47.259	156.583
47.285	156.660
47.310	156.683
47.335	156.691
47.360	156.790
47.386	156.679
47.411	156.665
47.436	156.645
47.461	156.675
47.487	156.845
47.512	156.800
47.537	156.690
47.562	156.856
47.587	156.832
47.613	156.922
47.638	156.850
47.663	156.825
47.688	156.944
47.714	156.933
47.739	156.860
47.764	156.906
47.789	156.836
47.815	156.918
47.840	157.011
47.865	157.097
47.890	156.986
47.915	156.937
47.941	157.016
47.966	157.226
47.991	157.093
48.016	157.209
48.042	157.270
48.067	157.180
48.092	157.183
48.117	157.205
48.143	157.073
48.168	157.067
48.193	156.977
48.218	157.327
48.243	157.333
48.269	157.203
48.294	157.292
48.319	157.445
48.344	157.489
48.370	157.496
48.395	157.297
48.420	157.278
48.445	157.367
48.471	157.462
48.496	157.466
48.521	157.489
48.546	157.546
48.571	157.605
48.597	157.387
48.622	157.338
48.647	157.347
48.672	157.545
48.698	157.645
48.723	157.675
48.748	157.563
48.773	157.424
48.799	157.364
48.824	157.460
48.849	157.585
48.874	157.700
48.899	157.459
48.925	157.316
48.950	157.517
48.975	157.757
49.000	157.572
49.026	157.510
49.051	157.534
49.076	157.549
49.101	157.497
49.127	157.508
49.152	157.593
49.177	157.620
49.202	157.408
49.228	157.385
49.253	157.449
49.278	157.600
49.303	157.611
49.328	157.577
49.354	157.627
49.379	157.771
49.404	157.616
49.429	157.683
49.455	157.558
49.480	157.486
49.505	157.622
49.530	157.721
49.556	157.569
49.581	157.424
49.606	157.489
49.631	157.580
49.656	157.503
49.682	157.423
49.707	157.599
49.732	157.610
49.757	157.507
49.783	157.550
49.808	157.601
49.833	157.714
49.858	157.651
49.884	157.584
49.909	157.654
49.934	157.754
49.959	157.665
49.984	157.438
50.010	157.608
50.035	157.721
50.060	157.598
50.085	157.367
50.111	157.381
50.136	157.393
50.161	157.365
50.186	157.444
50.212	157.444
50.237	157.344
50.262	157.398
50.287	157.497
50.312	157.447
50.338	157.287
50.363	157.304
50.388	157.410
50.413	157.290
50.439	157.245
50.464	157.213
50.489	157.314
50.514	157.511
50.540	157.357
50.565	157.218
50.590	157.248
50.615	157.185
50.640	157.152
50.666	157.271
50.691	157.349
50.716	157.160
50.741	156.850
50.767	156.899
50.792	157.180
50.817	157.121
50.842	157.040
50.868	156.955
50.893	156.964
50.918	156.949
50.943	156.951
50.969	156.949
50.994	156.830
51.019	156.840
51.044	156.857
51.069	156.658
51.095	156.435
51.120	156.603
51.145	156.729
51.170	156.696
51.196	156.666
51.221	156.764
51.246	156.757
51.271	156.611
51.297	156.613
51.322	156.774
51.347	156.623
51.372	156.524
51.397	156.462
51.423	156.433
51.448	156.343
51.473	156.265
51.498	156.220
51.524	156.220
51.549	156.207
51.574	156.258
51.599	156.108
51.625	155.966
51.650	156.048
51.675	155.948
51.700	155.874
51.725	155.929
51.751	155.602
51.776	155.444
51.801	155.601
51.826	155.722
51.852	155.865
51.877	155.715
51.902	155.551
51.927	155.710
51.953	155.749
51.978	155.601
52.003	155.489
52.028	155.253
52.053	155.189
52.079	155.235
52.104	155.268
52.129	155.302
52.154	155.093
52.180	155.067
52.205	155.093
52.230	155.168
52.255	155.201
52.281	155.140
52.306	154.988
52.331	155.035
52.356	155.067
52.382	154.873
52.407	154.707
52.432	154.692
52.457	154.812
52.482	154.679
52.508	154.340
52.533	154.300
52.558	154.309
52.583	154.284
52.609	154.319
52.634	154.328
52.659	154.348
52.684	154.324
52.710	154.128
52.735	154.101
52.760	153.869
52.785	153.696
52.810	153.754
52.836	153.642
52.861	153.661
52.886	153.670
52.911	153.689
52.937	153.800
52.962	153.655
52.987	153.562
53.012	153.537
53.038	153.579
53.063	153.726
53.088	153.623
53.113	153.346
53.138	153.296
53.164	153.026
53.189	152.915
53.214	153.044
53.239	152.842
53.265	152.809
53.290	152.841
53.315	152.829
53.340	152.813
53.366	152.507
53.391	152.448
53.416	152.575
53.441	152.601
53.466	152.506
53.492	152.485
53.517	152.401
53.542	152.265
53.567	152.123
53.593	152.070
53.618	152.033
53.643	151.909
53.668	152.049
53.694	151.923
53.719	151.803
53.744	151.895
53.769	151.681
53.794	151.596
53.820	151.779
53.845	151.688
53.870	151.567
53.895	151.456
53.921	151.393
53.946	151.433
53.971	151.248
53.996	150.975
54.022	150.996
54.047	151.000
54.072	151.059
54.097	150.931
54.123	150.788
54.148	150.720
54.173	150.477
54.198	150.394
54.223	150.564
54.249	150.333
54.274	150.101
54.299	150.071
54.324	150.123
54.350	150.187
54.375	150.085
54.400	149.838
54.425	149.671
54.451	149.571
54.476	149.530
54.501	149.385
54.526	149.273
54.551	149.340
54.577	149.341
54.602	149.278
54.627	149.171
54.652	148.983
54.678	148.976
54.703	148.838
54.728	148.683
54.753	148.660
54.779	148.413
54.804	148.340
54.829	148.388
54.854	148.072
54.879	147.971
54.905	148.079
54.930	148.201
54.955	147.995
54.980	147.566
55.006	147.583
55.031	147.800
55.056	147.591
55.081	147.280
55.107	147.012
55.132	146.854
55.157	146.816
55.182	146.957
55.207	146.847
55.233	146.783
55.258	146.556
55.283	146.559
55.308	146.783
55.334	146.787
55.359	146.621
55.384	146.368
55.409	146.171
55.435	145.973
55.460	145.764
55.485	145.803
55.510	145.666
55.535	145.468
55.561	145.600
55.586	145.559
55.611	145.421
55.636	145.363
55.662	145.086
55.687	145.026
55.712	145.065
55.737	145.153
55.763	144.953
55.788	144.815
55.813	144.905
55.838	144.827
55.864	144.443
55.889	144.563
55.914	144.422
55.939	144.233
55.964	144.143
55.990	143.943
56.015	143.820
56.040	143.898
56.065	143.847
56.091	143.967
56.116	143.473
56.141	143.110
56.166	143.166
56.192	143.049
56.217	142.942
56.242	142.833
56.267	142.831
56.292	142.683
56.318	142.574
56.343	142.530
56.368	142.677
56.393	142.332
56.419	141.933
56.444	141.869
56.469	141.767
56.494	141.564
56.520	141.450
56.545	141.521
56.570	141.616
56.595	141.366
56.620	141.143
56.646	141.213
56.671	141.044
56.696	140.918
56.721	140.859
56.747	140.803
56.772	140.631
56.797	140.341
56.822	140.351
56.848	140.364
56.873	140.042
56.898	139.793
56.923	139.571
56.948	139.646
56.974	139.631
56.999	139.480
57.024	139.446
57.049	139.272
57.075	139.312
57.100	139.225
57.125	139.009
57.150	138.683
57.176	138.438
57.201	138.409
57.226	138.279
57.251	137.929
57.277	137.783
57.302	138.081
57.327	137.818
57.352	137.507
57.377	137.611
57.403	137.575
57.428	137.399
57.453	137.392
57.478	137.143
57.504	136.944
57.529	136.768
57.554	136.699
57.579	136.802
57.605	136.405
57.630	136.046
57.655	136.124
57.680	136.074
57.705	136.178
57.731	135.900
57.756	135.570
57.781	135.551
57.806	135.629
57.832	135.394
57.857	135.117
57.882	134.730
57.907	134.646
57.933	134.619
57.958	134.317
57.983	134.093
58.008	133.993
58.033	133.747
58.059	133.640
58.084	133.349
58.109	133.233
58.134	133.282
58.160	133.106
58.185	132.803
58.210	132.708
58.235	132.690
58.261	132.474
58.286	131.955
58.311	131.992
58.336	131.989
58.361	131.725
58.387	131.332
58.412	130.980
58.437	130.882
58.462	130.748
58.488	130.261
58.513	130.363
58.538	130.326
58.563	130.287
58.589	130.186
58.614	129.991
58.639	129.874
58.664	129.758
58.689	129.494
58.715	129.485
58.740	129.215
58.765	128.811
58.790	128.702
58.816	128.517
58.841	128.141
58.866	127.652
58.891	127.461
58.917	127.439
58.942	127.265
58.967	127.157
58.992	127.233
59.018	127.134
59.043	126.805
59.068	126.678
59.093	126.578
59.118	126.420
59.144	126.146
59.169	125.907
59.194	125.817
59.219	125.675
59.245	125.556
59.270	125.267
59.295	124.954
59.320	124.988
59.346	124.883
59.371	124.724
59.396	124.446
59.421	124.042
59.446	123.777
59.472	123.918
59.497	123.679
59.522	123.571
59.547	123.138
59.573	122.869
59.598	122.850
59.623	122.667
59.648	122.142
59.674	122.142
59.699	122.118
59.724	121.985
59.749	121.661
59.774	121.452
59.800	121.195
59.825	120.792
59.850	120.714
59.875	120.893
59.901	120.665
59.926	120.434
59.951	120.083
59.976	119.807
60.002	119.689
60.027	119.665
60.052	119.519
60.077	119.298
60.102	118.934
60.128	118.770
60.153	118.540
60.178	118.454
60.203	118.187
60.229	118.071
60.254	117.795
60.279	117.707
60.304	117.317
60.330	117.221
60.355	116.951
60.380	116.891
60.405	116.892
60.430	116.692
60.456	116.538
60.481	116.452
60.506	116.114
60.531	115.684
60.557	115.391
60.582	115.609
60.607	115.364
60.632	114.975
60.658	114.794
60.683	114.728
60.708	114.277
60.733	114.146
60.759	113.906
60.784	113.848
60.809	113.637
60.834	113.354
60.859	112.967
60.885	112.959
60.910	112.647
60.935	112.586
60.960	112.315
60.986	112.117
61.011	111.890
61.036	111.690
61.061	111.465
61.087	111.390
61.112	111.038
61.137	110.841
61.162	110.625
61.187	110.421
61.213	110.269
61.238	109.993
61.263	109.744
61.288	109.583
61.314	109.122
61.339	108.954
61.364	108.652
61.389	108.488
61.415	108.569
61.440	108.338
61.465	107.846
61.490	107.854
61.515	107.755
61.541	107.649
61.566	107.295
61.591	106.977
61.616	106.648
61.642	106.226
61.667	105.656
61.692	105.274
61.717	104.943
61.743	105.283
61.768	104.869
61.793	104.375
61.818	104.325
61.843	104.228
61.869	103.742
61.894	103.463
61.919	103.077
61.944	103.256
61.970	102.904
61.995	102.496
62.020	102.399
62.045	102.500
62.071	102.495
62.096	102.388
62.121	101.995
62.146	101.960
62.171	101.739
62.197	101.524
62.222	101.340
62.247	101.120
62.272	100.852
62.298	100.731
62.323	100.506
62.348	100.435
62.373	100.203
62.399	99.869
62.424	99.565
62.449	99.334
62.474	99.088
62.500	98.950
62.525	98.415
62.550	98.314
62.575	98.355
62.600	98.312
62.626	97.921
62.651	97.823
62.676	97.394
62.701	97.275
62.727	96.875
62.752	97.042
62.777	96.696
62.802	96.314
62.828	96.166
62.853	96.183
62.878	96.078
62.903	96.018
62.928	95.551
62.954	95.380
62.979	95.090
63.004	94.988
63.029	94.735
63.055	94.525
63.080	94.035
63.105	93.887
63.130	93.595
63.156	93.494
63.181	93.053
63.206	93.000
63.231	93.090
63.256	92.782
63.282	92.363
63.307	92.362
63.332	92.082
63.357	92.034
63.383	91.660
63.408	91.254
63.433	91.224
63.458	91.282
63.484	90.705
63.509	90.585
63.534	90.312
63.559	90.026
63.584	89.523
63.610	89.256
63.635	89.336
63.660	89.164
63.685	88.651
63.711	88.616
63.736	88.316
63.761	88.603
63.786	88.422
63.812	88.212
63.837	88.129
63.862	87.976
63.887	87.600
63.912	87.534
63.938	87.202
63.963	87.083
63.988	86.611
64.013	86.308
64.039	86.316
64.064	86.224
64.089	85.717
64.114	85.549
64.140	85.059
64.165	85.207
64.190	85.005
64.215	84.847
64.241	84.574
64.266	84.354
64.291	84.131
64.316	83.878
64.341	83.652
64.367	83.541
64.392	83.318
64.417	83.102
64.442	82.823
64.468	82.554
64.493	82.444
64.518	82.439
64.543	82.039
64.569	82.178
64.594	81.961
64.619	81.606
64.644	81.240
64.669	80.829
64.695	80.441
64.720	80.403
64.745	80.127
64.770	79.990
64.796	79.716
64.821	79.446
64.846	79.266
64.871	79.384
64.897	79.180
64.922	79.102
64.947	78.664
64.972	78.481
64.997	78.071
65.023	78.078
65.048	78.150
65.073	77.745
65.098	77.296
65.124	77.324
65.149	76.764
65.174	76.762
65.199	76.270
65.225	76.063
65.250	75.933
65.275	75.687
65.300	75.514
65.325	75.453
65.351	75.004
65.376	74.907
65.401	74.696
65.426	74.616
65.452	74.509
65.477	74.330
65.502	74.117
65.527	74.102
65.553	73.692
65.578	73.644
65.603	73.410
65.628	72.966
65.654	72.459
65.679	72.662
65.704	72.612
65.729	72.253
65.754	71.620
65.780	71.675
65.805	71.587
65.830	71.452
65.855	71.072
65.881	71.019
65.906	70.771
65.931	70.662
65.956	70.281
65.982	70.435
66.007	70.077
66.032	69.785
66.057	69.561
66.082	69.383
66.108	69.139
66.133	69.151
66.158	68.664
66.183	68.521
66.209	68.563
66.234	68.562
66.259	68.225
66.284	67.864
66.310	67.526
66.335	67.451
66.360	67.245
66.385	67.426
66.410	66.807
66.436	66.596
66.461	66.593
66.486	66.302
66.511	65.926
66.537	65.803
66.562	65.441
66.587	65.377
66.612	65.196
66.638	65.120
66.663	65.019
66.688	64.962
66.713	64.707
66.738	64.543
66.764	64.308
66.789	64.197
66.814	63.608
66.839	63.309
66.865	63.251
66.890	63.108
66.915	62.778
66.940	62.603
66.966	62.178
66.991	62.287
67.016	61.910
67.041	61.669
67.066	61.347
67.092	61.050
67.117	60.874
67.142	60.882
67.167	60.530
67.193	60.282
67.218	59.877
67.243	59.730
67.268	59.650
67.294	59.351
67.319	59.287
67.344	59.712
67.369	59.256
67.395	59.073
67.420	58.960
67.445	59.057
67.470	58.757
67.495	58.465
67.521	58.246
67.546	58.578
67.571	58.167
67.596	57.957
67.622	57.575
67.647	57.422
67.672	57.288
67.697	57.116
67.723	56.801
67.748	56.732
67.773	56.241
67.798	56.315
67.823	56.144
67.849	55.992
67.874	55.780
67.899	55.511
67.924	55.371
67.950	55.354
67.975	54.867
68.000	54.961
68.025	54.615
68.051	54.552
68.076	54.458
68.101	54.367
68.126	54.105
68.151	53.893
68.177	53.460
68.202	53.555
68.227	53.257
68.252	52.787
68.278	52.827
68.303	52.991
68.328	52.530
68.353	52.322
68.379	52.169
68.404	52.412
68.429	52.120
68.454	51.670
68.479	51.484
68.505	51.403
68.530	51.401
68.555	51.245
68.580	50.591
68.606	50.544
68.631	50.418
68.656	50.362
68.681	50.088
68.707	49.900
68.732	49.907
68.757	50.339
68.782	49.952
68.807	49.814
68.833	49.466
68.858	49.442
68.883	49.163
68.908	48.580
68.934	48.231
68.959	48.253
68.984	47.773
69.009	47.713
69.035	47.448
69.060	47.496
69.085	47.609
69.110	47.720
69.136	47.372
69.161	47.313
69.186	46.810
69.211	46.944
69.236	46.787
69.262	46.479
69.287	46.250
69.312	46.202
69.337	45.979
69.363	45.833
69.388	45.392
69.413	45.276
69.438	45.186
69.464	45.213
69.489	45.055
69.514	44.904
69.539	44.619
69.564	44.455
69.590	44.130
69.615	44.339
69.640	44.083
69.665	43.947
69.691	43.774
69.716	43.683
69.741	43.536
69.766	43.603
69.792	43.243
69.817	43.085
69.842	43.053
69.867	43.035
69.892	42.929
69.918	42.884
69.943	42.639
69.968	42.590
69.993	42.152
70.019	42.228
70.044	42.183
70.069	42.115
70.094	41.883
70.120	41.712
70.145	41.372
70.170	41.367
70.195	41.362
70.220	41.215
70.246	41.131
70.271	41.365
70.296	40.899
70.321	40.320
70.347	40.231
70.372	40.700
70.397	40.297
70.422	39.950
70.448	39.312
70.473	39.304
70.498	39.571
70.523	39.407
70.549	39.194
70.574	39.221
70.599	38.975
70.624	39.114
70.649	38.739
70.675	38.502
70.700	38.525
70.725	38.611
70.750	38.348
70.776	38.115
70.801	37.786
70.826	37.803
70.851	37.795
70.877	37.719
70.902	37.573
70.927	37.549
70.952	37.538
70.977	37.810
71.003	37.599
71.028	37.242
71.053	36.684
71.078	36.595
71.104	36.713
71.129	36.708
71.154	36.448
71.179	36.481
71.205	35.868
71.230	36.026
71.255	36.026
71.280	35.890
71.305	35.750
71.331	35.742
71.356	35.736
71.381	35.705
71.406	35.320
71.432	35.173
71.457	34.881
71.482	34.901
71.507	34.720
71.533	34.674
71.558	34.616
71.583	34.862
71.608	34.536
71.633	34.536
71.659	34.159
71.684	33.981
71.709	33.815
71.734	33.608
71.760	33.437
71.785	33.557
71.810	33.316
71.835	33.447
71.861	33.147
71.886	33.098
71.911	32.885
71.936	32.579
71.961	32.438
71.987	32.646
72.012	32.257
72.037	32.228
72.062	32.131
72.088	32.232
72.113	32.171
72.138	32.063
72.163	31.840
72.189	31.699
72.214	31.577
72.239	31.610
72.264	31.554
72.290	31.586
72.315	31.652
72.340	31.376
72.365	30.974
72.390	31.228
72.416	30.715
72.441	30.736
72.466	30.538
72.491	30.239
72.517	30.185
72.542	30.300
72.567	30.183
72.592	30.219
72.618	29.703
72.643	29.791
72.668	29.876
72.693	29.748
72.718	29.520
72.744	29.317
72.769	29.178
72.794	29.125
72.819	29.027
72.845	29.007
72.870	28.525
72.895	28.208
72.920	28.161
72.946	28.365
72.971	28.444
72.996	28.539
73.021	28.129
73.046	28.287
73.072	28.093
73.097	27.974
73.122	27.961
73.147	27.581
73.173	27.300
73.198	27.496
73.223	27.219
73.248	27.249
73.274	27.095
73.299	27.025
73.324	26.915
73.349	26.765
73.374	26.701
73.400	27.061
73.425	26.636
73.450	26.434
73.475	26.238
73.501	26.346
73.526	26.334
73.551	26.330
73.576	26.022
73.602	25.783
73.627	25.751
73.652	26.092
73.677	26.025
73.702	25.654
73.728	25.458
73.753	25.655
73.778	25.704
73.803	25.832
73.829	25.258
73.854	25.115
73.879	24.996
73.904	24.944
73.930	24.930
73.955	24.753
73.980	24.569
74.005	24.738
74.031	24.598
74.056	24.459
74.081	24.212
74.106	24.216
74.131	24.275
74.157	24.192
74.182	24.071
74.207	24.029
74.232	23.788
74.258	23.810
74.283	23.737
74.308	23.719
74.333	23.860
74.359	23.746
74.384	23.344
74.409	23.636
74.434	23.527
74.459	23.460
74.485	22.850
74.510	22.653
74.535	22.864
74.560	22.728
74.586	22.431
74.611	22.760
74.636	22.609
74.661	22.663
74.687	22.571
74.712	22.623
74.737	22.681
74.762	22.593
74.787	22.285
74.813	22.172
74.838	21.911
74.863	21.799
74.888	21.729
74.914	21.876
74.939	21.788
74.964	21.580
74.989	21.210
75.015	21.464
75.040	21.336
75.065	21.118
75.090	20.798
75.115	21.113
75.141	21.212
75.166	20.929
75.191	20.722
75.216	20.727
75.242	20.466
75.267	20.254
75.292	20.138
75.317	20.217
75.343	20.350
75.368	20.575
75.393	20.546
75.418	20.571
75.443	20.140
75.469	20.189
75.494	19.817
75.519	19.796
75.544	19.817
75.570	19.752
75.595	19.668
75.620	19.698
75.645	19.323
75.671	19.480
75.696	19.253
75.721	19.063
75.746	19.108
75.772	19.002
75.797	18.877
75.822	18.929
75.847	18.629
75.872	19.079
75.898	18.955
75.923	18.475
75.948	18.658
75.973	18.947
75.999	18.763
76.024	18.652
76.049	18.093
76.074	18.467
76.100	18.452
76.125	18.278
76.150	18.213
76.175	18.092
76.200	17.881
76.226	17.996
76.251	17.674
76.276	17.739
76.301	17.634
76.327	17.601
76.352	17.496
76.377	17.420
76.402	17.405
76.428	17.478
76.453	16.922
76.478	17.070
76.503	16.883
76.528	16.960
76.554	17.030
76.579	16.893
76.604	16.502
76.629	16.484
76.655	16.292
76.680	16.519
76.705	16.200
76.730	16.090
76.756	16.381
76.781	16.514
76.806	16.127
76.831	16.131
76.856	16.023
76.882	16.220
76.907	16.165
76.932	15.992
76.957	15.838
76.983	15.899
77.008	15.865
77.033	15.892
77.058	15.644
77.084	15.990
77.109	16.146
77.134	15.994
77.159	15.512
77.185	15.438
77.210	15.423
77.235	15.386
77.260	15.198
77.285	15.442
77.311	15.320
77.336	15.218
77.361	14.965
77.386	14.838
77.412	14.761
77.437	14.974
77.462	14.565
77.487	14.407
77.513	14.665
77.538	14.923
77.563	14.772
77.588	14.566
77.613	14.287
77.639	14.386
77.664	14.292
77.689	14.369
77.714	14.322
77.740	14.179
77.765	13.987
77.790	14.224
77.815	14.138
77.841	14.004
77.866	13.831
77.891	14.104
77.916	14.071
77.941	13.794
77.967	13.531
77.992	13.629
78.017	13.789
78.042	13.782
78.068	13.278
78.093	13.264
78.118	13.478
78.143	13.559
78.169	13.238
78.194	13.186
78.219	13.252
78.244	13.316
78.269	12.892
78.295	12.900
78.320	12.903
78.345	13.137
78.370	13.138
78.396	12.905
78.421	12.806
78.446	12.981
78.471	12.643
78.497	12.754
78.522	12.774
78.547	12.624
78.572	12.345
78.597	12.323
78.623	12.540
78.648	12.734
78.673	11.983
78.698	12.135
78.724	12.408
78.749	12.549
78.774	12.226
78.799	11.807
78.825	11.887
78.850	12.374
78.875	12.096
78.900	11.775
78.926	11.675
78.951	11.881
78.976	11.959
79.001	11.772
79.026	11.617
79.052	11.762
79.077	11.482
79.102	11.496
79.127	11.470
79.153	11.459
79.178	11.622
79.203	11.651
79.228	11.559
79.254	11.693
79.279	11.297
79.304	11.414
79.329	11.287
79.354	11.243
79.380	11.079
79.405	11.013
79.430	11.096
79.455	11.181
79.481	10.930
79.506	10.832
79.531	10.784
79.556	10.870
79.582	10.853
79.607	10.786
79.632	10.904
79.657	10.940
79.682	10.604
79.708	10.539
79.733	10.882
79.758	11.040
79.783	10.665
79.809	10.312
79.834	10.306
79.859	10.538
79.884	10.516
79.910	10.415
79.935	10.377
79.960	10.427
79.985	10.592
80.010	10.485
80.036	10.318
80.061	10.408
80.086	10.377
80.111	10.399
80.137	10.186
80.162	10.177
80.187	10.228
80.212	10.375
80.238	10.287
80.263	10.166
80.288	10.069
80.313	10.083
80.338	10.129
80.364	10.089
80.389	10.103
80.414	10.032
80.439	9.824
80.465	9.758
80.490	9.576
80.515	9.808
80.540	9.692
80.566	9.607
80.591	9.546
80.616	9.610
80.641	9.668
80.667	9.598
80.692	9.222
80.717	9.368
80.742	9.463
80.767	9.447
80.793	9.500
80.818	9.414
80.843	9.308
80.868	9.412
80.894	9.028
80.919	9.094
80.944	9.097
80.969	9.162
80.995	9.150
81.020	9.117
81.045	9.195
81.070	8.997
81.095	8.906
81.121	9.182
81.146	9.017
81.171	8.803
81.196	8.814
81.222	8.804
81.247	8.961
81.272	8.893
81.297	8.517
81.323	8.730
81.348	8.789
81.373	8.768
81.398	8.596
81.423	8.560
81.449	8.641
81.474	8.592
81.499	8.237
81.524	8.264
81.550	8.562
81.575	8.499
81.600	8.286
81.625	8.412
81.651	8.541
81.676	8.522
81.701	8.205
81.726	8.382
81.751	8.284
81.777	8.029
81.802	8.117
81.827	8.131
81.852	7.871
81.878	8.086
81.903	7.857
81.928	7.816
81.953	7.592
81.979	7.533
82.004	7.575
82.029	7.429
82.054	7.329
82.079	7.605
82.105	7.507
82.130	7.759
82.155	7.578
82.180	7.347
82.206	7.314
82.231	7.347
82.256	7.201
82.281	7.013
82.307	7.013
82.332	7.125
82.357	7.030
82.382	6.879
82.408	7.119
82.433	7.247
82.458	7.101
82.483	7.046
82.508	6.993
82.534	7.104
82.559	7.012
82.584	6.898
82.609	6.838
82.635	6.817
82.660	6.886
82.685	6.914
82.710	6.375
82.736	6.442
82.761	6.666
82.786	6.766
82.811	6.676
82.836	6.608
82.862	6.536
82.887	6.457
82.912	6.132
82.937	6.320
82.963	6.299
82.988	6.285
83.013	6.292
83.038	6.320
83.064	6.416
83.089	6.404
83.114	6.010
83.139	6.058
83.164	6.209
83.190	6.276
83.215	6.140
83.240	6.016
83.265	6.011
83.291	5.990
83.316	5.849
83.341	6.056
83.366	6.319
83.392	6.123
83.417	5.807
83.442	5.917
83.467	6.045
83.492	5.854
83.518	5.545
83.543	5.685
83.568	5.900
83.593	5.947
83.619	5.778
83.644	5.672
83.669	5.598
83.694	5.564
83.720	5.298
83.745	5.780
83.770	5.850
83.795	5.541
83.820	5.335
83.846	5.418
83.871	5.540
83.896	5.571
83.921	5.222
83.947	5.093
83.972	5.205
83.997	5.365
84.022	5.351
84.048	5.282
84.073	5.200
84.098	5.175
84.123	4.937
84.149	5.121
84.174	5.141
84.199	5.091
84.224	5.131
84.249	5.309
84.275	5.301
84.300	5.086
84.325	4.777
84.350	4.826
84.376	4.804
84.401	4.851
84.426	4.940
84.451	5.022
84.477	5.015
84.502	4.933
84.527	4.603
84.552	4.721
84.577	4.875
84.603	4.810
84.628	4.579
84.653	4.676
84.678	4.689
84.704	4.680
84.729	4.463
84.754	4.460
84.779	4.463
84.805	4.456
84.830	4.555
84.855	4.573
84.880	4.563
84.905	4.634
84.931	4.357
84.956	4.399
84.981	4.370
85.006	4.373
85.032	4.211
85.057	4.155
85.082	4.191
85.107	4.130
85.133	3.937
85.158	4.061
85.183	4.230
85.208	4.290
85.233	4.267
85.259	4.117
85.284	4.119
85.309	4.225
85.334	3.923
85.360	4.032
85.385	4.185
85.410	4.205
85.435	4.034
85.461	4.146
85.486	4.265
85.511	3.991
85.536	3.787
85.562	3.989
85.587	4.092
85.612	3.947
85.637	3.818
85.662	3.944
85.688	3.992
85.713	4.011
85.738	3.907
85.763	4.091
85.789	3.944
85.814	3.835
85.839	3.779
85.864	3.851
85.890	4.006
85.915	4.151
85.940	3.843
85.965	3.920
85.990	4.091
86.016	4.050
86.041	3.704
86.066	3.637
86.091	3.729
86.117	3.567
86.142	3.536
86.167	3.635
86.192	3.626
86.218	3.659
86.243	3.924
86.268	3.955
86.293	3.860
86.318	3.876
86.344	3.848
86.369	3.732
86.394	3.784
86.419	3.727
86.445	3.497
86.470	3.420
86.495	3.478
86.520	3.589
86.546	3.384
86.571	3.631
86.596	3.829
86.621	3.705
86.646	3.607
86.672	3.656
86.697	3.663
86.722	3.619
86.747	3.476
86.773	3.501
86.798	3.435
86.823	3.190
86.848	3.449
86.874	3.724
86.899	3.608
86.924	3.590
86.949	3.454
86.974	3.750
87.000	3.766
87.025	3.391
87.050	3.190
87.075	3.355
87.101	3.415
87.126	3.383
87.151	3.378
87.176	3.504
87.202	3.660
87.227	3.544
87.252	3.245
87.277	3.281
87.303	3.403
87.328	3.495
87.353	3.153
87.378	3.294
87.403	3.300
87.429	3.351
87.454	3.410
87.479	3.481
87.504	3.452
87.530	3.296
87.555	2.959
87.580	3.247
87.605	3.400
87.631	3.397
87.656	3.392
87.681	3.408
87.706	3.354
87.731	3.168
87.757	3.086
87.782	3.225
87.807	3.375
87.832	3.320
87.858	3.222
87.883	3.161
87.908	3.147
87.933	3.220
87.959	3.123
87.984	3.205
88.009	3.307
88.034	3.250
88.059	3.117
88.085	3.105
88.110	3.148
88.135	3.110
88.160	3.154
88.186	3.250
88.211	3.294
88.236	3.316
88.261	3.213
88.287	3.144
88.312	3.159
88.337	3.275
88.362	3.144
88.387	3.152
88.413	3.157
88.438	3.137
88.463	3.078
88.488	3.137
88.514	3.145
88.539	3.032
88.564	3.009
88.589	3.085
88.615	3.183
88.640	3.071
88.665	2.930
88.690	3.112
88.715	3.277
88.741	3.226
88.766	2.993
88.791	2.984
88.816	3.043
88.842	2.998
88.867	2.878
88.892	2.904
88.917	2.959
88.943	2.941
88.968	2.802
88.993	2.876
89.018	2.927
89.044	2.996
89.069	2.952
89.094	2.799
89.119	2.822
89.144	3.004
89.170	2.914
89.195	3.056
89.220	3.248
89.245	3.112
89.271	2.911
89.296	2.882
89.321	2.985
89.346	3.055
89.372	2.960
89.397	2.805
89.422	2.669
89.447	2.705
89.472	2.865
89.498	2.945
89.523	2.925
89.548	2.814
89.573	2.778
89.599	2.693
89.624	2.813
89.649	2.989
89.674	2.982
89.700	2.948
89.725	2.966
89.750	3.004
89.775	2.977
89.800	2.952
89.826	2.769
89.851	2.755
89.876	2.818
89.901	2.827
89.927	2.740
89.952	2.676
89.977	2.528
90.002	2.648
90.028	2.747
90.053	2.847
90.078	2.854
90.103	2.864
90.128	2.844
90.154	3.036
90.179	2.919
90.204	2.810
90.229	2.704
90.255	2.678
90.280	2.753
90.305	2.783
90.330	2.873
90.356	2.766
90.381	2.614
90.406	2.704
90.431	2.717
90.456	2.715
90.482	2.719
90.507	2.919
90.532	2.966
90.557	2.891
90.583	2.834
90.608	2.682
90.633	2.675
90.658	2.760
90.684	2.743
90.709	2.803
90.734	2.862
90.759	2.732
90.785	2.613
90.810	2.705
90.835	2.668
90.860	2.525
90.885	2.612
90.911	2.791
90.936	2.792
90.961	2.725
90.986	2.628
91.012	2.817
91.037	2.772
91.062	2.576
91.087	2.608
91.113	2.687
91.138	2.743
91.163	2.868
91.188	2.716
91.213	2.500
91.239	2.397
91.264	2.556
91.289	2.735
91.314	2.734
91.340	2.663
91.365	2.634
91.390	2.512
91.415	2.524
91.441	2.561
91.466	2.653
91.491	2.661
91.516	2.534
91.541	2.487
91.567	2.585
91.592	2.487
91.617	2.668
91.642	2.550
91.668	2.614
91.693	2.668
91.718	2.678
91.743	2.519
91.769	2.648
91.794	2.459
91.819	2.466
91.844	2.488
91.869	2.524
91.895	2.534
91.920	2.496
91.945	2.519
91.970	2.583
91.996	2.511
92.021	2.451
92.046	2.518
92.071	2.586
92.097	2.526
92.122	2.491
92.147	2.535
92.172	2.680
92.198	2.686
92.223	2.800
92.248	2.592
92.273	2.535
92.298	2.450
92.324	2.301
92.349	2.466
92.374	2.595
92.399	2.599
92.425	2.643
92.450	2.810
92.475	2.559
92.500	2.216
92.526	2.379
92.551	2.661
92.576	2.596
92.601	2.331
92.626	2.519
92.652	2.731
92.677	2.664
92.702	2.532
92.727	2.474
92.753	2.533
92.778	2.578
92.803	2.242
92.828	2.316
92.854	2.449
92.879	2.480
92.904	2.355
92.929	2.341
92.954	2.393
92.980	2.293
93.005	2.309
93.030	2.431
93.055	2.458
93.081	2.420
93.106	2.425
93.131	2.524
93.156	2.471
93.182	2.264
93.207	2.339
93.232	2.478
93.257	2.505
93.282	2.445
93.308	2.341
93.333	2.356
93.358	2.478
93.383	2.428
93.409	2.318
93.434	2.292
93.459	2.335
93.484	2.330
93.510	2.489
93.535	2.598
93.560	2.628
93.585	2.713
93.610	2.467
93.636	2.502
93.661	2.418
93.686	2.338
93.711	2.270
93.737	2.309
93.762	2.325
93.787	2.343
93.812	2.287
93.838	2.339
93.863	2.335
93.888	2.302
93.913	2.270
93.939	2.349
93.964	2.466
93.989	2.572
94.014	2.331
94.039	2.515
94.065	2.477
94.090	2.324
94.115	2.333
94.140	2.380
94.166	2.243
94.191	2.216
94.216	2.139
94.241	2.302
94.267	2.286
94.292	2.311
94.317	2.426
94.342	2.405
94.367	2.232
94.393	2.219
94.418	2.191
94.443	2.416
94.468	2.462
94.494	2.459
94.519	2.511
94.544	2.418
94.569	2.328
94.595	2.341
94.620	2.327
94.645	2.313
94.670	2.235
94.695	2.190
94.721	2.175
94.746	2.117
94.771	2.058
94.796	2.149
94.822	2.240
94.847	2.430
94.872	2.329
94.897	2.264
94.923	2.267
94.948	2.255
94.973	2.312
94.998	2.336
95.023	2.381
95.049	2.362
95.074	2.242
95.099	2.242
95.124	2.339
95.150	2.296
95.175	2.236
95.200	2.207
95.225	2.137
95.251	2.427
95.276	2.501
95.301	2.250
95.326	2.078
95.351	2.301
95.377	2.347
95.402	2.188
95.427	2.169
95.452	2.026
95.478	2.204
95.503	2.386
95.528	2.256
95.553	2.197
95.579	2.232
95.604	2.355
95.629	2.352
95.654	2.406
95.680	2.375
95.705	2.163
95.730	2.093
95.755	2.156
95.780	2.165
95.806	2.295
95.831	2.233
95.856	2.095
95.881	2.046
95.907	2.019
95.932	1.982
95.957	2.088
95.982	2.184
96.008	2.134
96.033	1.970
96.058	2.182
96.083	2.199
96.108	2.112
96.134	2.103
96.159	2.206
96.184	2.270
96.209	2.153
96.235	2.094
96.260	2.018
96.285	2.004
96.310	1.927
96.336	1.804
96.361	1.881
96.386	2.003
96.411	1.934
96.436	1.826
96.462	1.977
96.487	2.106
96.512	2.042
96.537	1.918
96.563	1.854
96.588	1.907
96.613	2.049
96.638	2.071
96.664	1.946
96.689	1.921
96.714	1.815
96.739	1.879
96.764	1.959
96.790	1.892
96.815	1.944
96.840	1.833
96.865	1.976
96.891	2.071
96.916	2.018
96.941	1.832
96.966	1.699
96.992	1.724
97.017	1.867
97.042	1.890
97.067	1.871
97.092	2.007
97.118	2.094
97.143	1.954
97.168	1.996
97.193	2.080
97.219	1.862
97.244	1.686
97.269	1.901
97.294	1.847
97.320	1.755
97.345	1.794
97.370	1.815
97.395	1.804
97.421	2.019
97.446	1.646
97.471	1.640
97.496	1.690
97.521	1.631
97.547	1.772
97.572	1.912
97.597	1.935
97.622	1.854
97.648	1.698
97.673	1.691
97.698	1.696
97.723	1.675
97.749	1.705
97.774	1.758
97.799	1.731
97.824	1.747
97.849	1.692
97.875	1.822
97.900	1.770
97.925	1.667
97.950	1.694
97.976	1.646
98.001	1.549
98.026	1.541
98.051	1.624
98.077	1.696
98.102	1.724
98.127	1.687
98.152	1.644
98.177	1.670
98.203	1.667
98.228	1.804
98.253	1.786
98.278	1.995
98.304	1.881
98.329	1.608
98.354	1.639
98.379	1.775
98.405	1.765
98.430	1.677
98.455	1.415
98.480	1.509
98.505	1.795
98.531	1.811
98.556	1.635
98.581	1.595
98.606	1.637
98.632	1.705
98.657	1.697
98.682	1.533
98.707	1.495
98.733	1.455
98.758	1.514
98.783	1.638
98.808	1.786
98.834	1.807
98.859	1.504
98.884	1.520
98.909	1.660
98.934	1.708
98.960	1.568
98.985	1.436
99.010	1.497
99.035	1.556
99.061	1.304
99.086	1.606
99.111	1.616
99.136	1.579
99.162	1.629
99.187	1.600
99.212	1.571
99.237	1.615
99.262	1.460
99.288	1.362
99.313	1.459
99.338	1.490
99.363	1.442
99.389	1.418
99.414	1.563
99.439	1.666
99.464	1.664
99.490	1.640
99.515	1.619
99.540	1.553
99.565	1.620
99.590	1.620
99.616	1.622
99.641	1.714
99.666	1.574
99.691	1.471
99.717	1.490
99.742	1.527
99.767	1.563
99.792	1.659
99.818	1.646
99.843	1.638
99.868	1.618
99.893	1.761
99.918	1.692
99.944	1.534
99.969	1.534
99.994	1.582
100.019	1.556
100.045	1.606
100.070	1.557
100.095	1.545
100.120	1.549
100.146	1.603
100.171	1.623
100.196	1.504
100.221	1.486
100.246	1.489
100.272	1.453
100.297	1.530
100.322	1.517
100.347	1.506
100.373	1.497
100.398	1.476
100.423	1.556
100.448	1.847
100.474	1.844
100.499	1.454
100.524	1.267
100.549	1.336
100.575	1.375
100.600	1.457
100.625	1.371
100.650	1.398
100.675	1.489
100.701	1.446
100.726	1.418
100.751	1.365
100.776	1.528
100.802	1.684
100.827	1.637
100.852	1.496
100.877	1.480
100.903	1.604
100.928	1.623
100.953	1.536
100.978	1.531
101.003	1.610
101.029	1.489
101.054	1.357
101.079	1.430
101.104	1.518
101.130	1.492
101.155	1.492
101.180	1.489
101.205	1.444
101.231	1.518
101.256	1.372
101.281	1.378
101.306	1.402
101.331	1.376
101.357	1.362
101.382	1.408
101.407	1.490
101.432	1.513
101.458	1.392
101.483	1.243
101.508	1.261
101.533	1.322
101.559	1.364
101.584	1.572
101.609	1.665
101.634	1.510
101.659	1.462
101.685	1.325
101.710	1.528
101.735	1.571
101.760	1.510
101.786	1.507
101.811	1.491
101.836	1.427
101.861	1.390
101.887	1.338
101.912	1.340
101.937	1.417
101.962	1.494
101.987	1.433
102.013	1.549
102.038	1.627
102.063	1.630
102.088	0.995
102.114	1.066
102.139	1.087
102.164	1.206
102.189	1.259
102.215	1.243
102.240	1.376
102.265	1.384
102.290	1.172
102.316	1.246
