0.000	1.758
0.028	1.904
0.055	1.902
0.083	1.690
0.110	1.586
0.138	1.672
0.166	1.679
0.193	1.539
0.221	1.405
0.248	1.583
0.276	1.722
0.304	1.795
0.331	1.817
0.359	1.855
0.387	1.674
0.414	1.628
0.442	1.578
0.469	1.782
0.497	1.764
0.525	1.625
0.552	1.789
0.580	1.911
0.607	1.965
0.635	2.053
0.663	1.837
0.690	1.990
0.718	1.970
0.745	1.712
0.773	1.571
0.801	1.699
0.828	1.904
0.856	1.921
0.884	1.788
0.911	1.816
0.939	1.726
0.966	1.615
0.994	1.513
1.022	1.516
1.049	1.700
1.077	1.971
1.104	2.019
1.132	1.897
1.160	1.959
1.187	2.022
1.215	2.050
1.242	1.994
1.270	1.811
1.298	1.777
1.325	1.838
1.353	1.900
1.381	1.887
1.408	1.775
1.436	1.719
1.463	1.892
1.491	1.900
1.519	1.935
1.546	1.964
1.574	2.218
1.601	2.297
1.629	2.148
1.657	2.043
1.684	2.008
1.712	2.036
1.739	2.064
1.767	2.113
1.795	2.086
1.822	2.125
1.850	2.215
1.878	2.240
1.905	2.014
1.933	1.902
1.960	2.034
1.988	2.134
2.016	2.009
2.043	1.979
2.071	1.983
2.098	2.066
2.126	2.108
2.154	2.089
2.181	2.034
2.209	2.073
2.236	2.139
2.264	2.124
2.292	2.068
2.319	2.123
2.347	2.053
2.374	1.924
2.402	1.992
2.430	2.053
2.457	2.348
2.485	2.365
2.513	2.083
2.540	2.042
2.568	2.184
2.595	2.160
2.623	2.014
2.651	1.990
2.678	2.146
2.706	2.147
2.733	2.060
2.761	2.131
2.789	2.179
2.816	2.103
2.844	1.992
2.871	2.017
2.899	2.170
2.927	2.369
2.954	2.116
2.982	2.027
3.010	2.325
3.037	2.566
3.065	2.417
3.092	2.122
3.120	2.062
3.148	2.166
3.175	2.169
3.203	2.067
3.230	2.155
3.258	2.215
3.286	2.126
3.313	2.045
3.341	2.188
3.368	2.177
3.396	2.031
3.424	2.174
3.451	2.392
3.479	2.292
3.507	2.125
3.534	2.219
3.562	2.378
3.589	2.226
3.617	1.913
3.645	1.861
3.672	2.125
3.700	2.312
3.727	2.243
3.755	2.174
3.783	2.428
3.810	2.413
3.838	2.222
3.865	2.086
3.893	2.157
3.921	2.282
3.948	2.205
3.976	2.243
4.004	2.580
4.031	2.427
4.059	2.182
4.086	2.267
4.114	2.197
4.142	2.049
4.169	2.306
4.197	2.315
4.224	2.237
4.252	2.057
4.280	1.966
4.307	2.065
4.335	2.198
4.362	2.164
4.390	2.248
4.418	2.122
4.445	2.319
4.473	2.322
4.500	2.350
4.528	2.448
4.556	2.274
4.583	2.138
4.611	2.104
4.639	2.160
4.666	2.227
4.694	2.341
4.721	2.385
4.749	2.469
4.777	2.438
4.804	2.257
4.832	2.324
4.859	2.300
4.887	2.248
4.915	2.111
4.942	2.047
4.970	2.073
4.997	2.218
5.025	2.373
5.053	2.453
5.080	2.427
5.108	2.498
5.136	2.471
5.163	2.433
5.191	2.354
5.218	2.319
5.246	2.366
5.274	2.186
5.301	2.028
5.329	2.200
5.356	2.374
5.384	2.361
5.412	2.288
5.439	2.375
5.467	2.495
5.494	2.503
5.522	2.410
5.550	2.436
5.577	2.434
5.605	2.316
5.633	2.275
5.660	2.341
5.688	2.442
5.715	2.432
5.743	2.400
5.771	2.458
5.798	2.387
5.826	2.331
5.853	2.270
5.881	2.315
5.909	2.378
5.936	2.311
5.964	2.134
5.991	2.160
6.019	2.196
6.047	2.192
6.074	2.388
6.102	2.499
6.130	2.466
6.157	2.506
6.185	2.388
6.212	2.535
6.240	2.530
6.268	2.500
6.295	2.609
6.323	2.501
6.350	2.293
6.378	2.225
6.406	2.275
6.433	2.309
6.461	2.391
6.488	2.438
6.516	2.390
6.544	2.279
6.571	2.270
6.599	2.306
6.626	2.384
6.654	2.608
6.682	2.628
6.709	2.568
6.737	2.537
6.765	2.535
6.792	2.523
6.820	2.399
6.847	2.348
6.875	2.497
6.903	2.693
6.930	2.625
6.958	2.505
6.985	2.448
7.013	2.475
7.041	2.525
7.068	2.659
7.096	2.564
7.123	2.606
7.151	2.726
7.179	2.657
7.206	2.591
7.234	2.590
7.262	2.659
7.289	2.581
7.317	2.620
7.344	2.661
7.372	2.725
7.400	2.897
7.427	3.027
7.455	2.988
7.482	2.913
7.510	2.723
7.538	2.650
7.565	2.584
7.593	2.775
7.620	2.955
7.648	2.862
7.676	2.778
7.703	2.749
7.731	2.766
7.759	2.637
7.786	2.681
7.814	2.782
7.841	2.927
7.869	2.946
7.897	2.921
7.924	2.903
7.952	2.897
7.979	2.976
8.007	3.089
8.035	3.141
8.062	3.012
8.090	2.765
8.117	2.839
8.145	2.992
8.173	2.956
8.200	3.091
8.228	3.237
8.256	3.186
8.283	3.064
8.311	2.941
8.338	2.970
8.366	3.162
8.394	2.904
8.421	2.877
8.449	3.047
8.476	2.990
8.504	2.918
8.532	3.039
8.559	3.141
8.587	3.163
8.614	2.917
8.642	2.987
8.670	3.032
8.697	2.948
8.725	3.003
8.752	3.146
8.780	3.316
8.808	3.267
8.835	3.090
8.863	3.056
8.891	2.935
8.918	2.905
8.946	2.932
8.973	2.940
9.001	2.959
9.029	3.049
9.056	3.259
9.084	3.434
9.111	3.269
9.139	3.013
9.167	3.079
9.194	3.231
9.222	3.269
9.249	3.226
9.277	3.223
9.305	3.420
9.332	3.328
9.360	3.112
9.388	3.249
9.415	3.495
9.443	3.468
9.470	3.340
9.498	3.291
9.526	3.414
9.553	3.619
9.581	3.538
9.608	3.363
9.636	3.421
9.664	3.512
9.691	3.495
9.719	3.380
9.746	3.339
9.774	3.625
9.802	3.697
9.829	3.662
9.857	3.571
9.885	3.736
9.912	3.869
9.940	3.659
9.967	3.719
9.995	3.779
10.023	3.809
10.050	3.898
10.078	4.053
10.105	4.237
10.133	4.079
10.161	3.685
10.188	3.506
10.216	3.522
10.243	3.828
10.271	3.904
10.299	3.899
10.326	4.012
10.354	4.168
10.382	4.250
10.409	4.212
10.437	4.061
10.464	3.968
10.492	4.032
10.520	4.134
10.547	4.134
10.575	4.295
10.602	4.024
10.630	4.118
10.658	4.100
10.685	4.034
10.713	4.035
10.740	3.962
10.768	3.872
10.796	3.953
10.823	3.867
10.851	3.992
10.878	4.041
10.906	4.127
10.934	4.380
10.961	4.510
10.989	4.663
11.017	4.412
11.044	4.131
11.072	4.502
11.099	4.568
11.127	4.367
11.155	4.084
11.182	3.935
11.210	4.090
11.237	4.319
11.265	4.337
11.293	4.566
11.320	4.525
11.348	4.413
11.375	4.310
11.403	4.244
11.431	4.311
11.458	4.292
11.486	4.215
11.514	4.360
11.541	4.530
11.569	4.425
11.596	4.391
11.624	4.557
11.652	4.910
11.679	4.990
11.707	4.780
11.734	4.834
11.762	4.881
11.790	4.785
11.817	4.904
11.845	4.992
11.872	5.162
11.900	5.359
11.928	5.326
11.955	5.480
11.983	5.676
12.011	5.466
12.038	5.044
12.066	5.222
12.093	5.363
12.121	5.266
12.149	5.125
12.176	5.214
12.204	5.569
12.231	5.623
12.259	5.572
12.287	5.622
12.314	5.832
12.342	5.834
12.369	5.468
12.397	5.611
12.425	5.441
12.452	5.244
12.480	5.432
12.508	5.701
12.535	5.697
12.563	5.549
12.590	5.458
12.618	5.726
12.646	5.787
12.673	5.684
12.701	5.620
12.728	5.593
12.756	5.638
12.784	5.530
12.811	5.476
12.839	5.821
12.866	5.986
12.894	5.697
12.922	5.650
12.949	5.969
12.977	5.970
13.004	5.744
13.032	5.453
13.060	5.593
13.087	5.797
13.115	5.868
13.143	6.140
13.170	6.407
13.198	6.448
13.225	6.218
13.253	6.062
13.281	6.103
13.308	6.170
13.336	6.096
13.363	6.064
13.391	6.253
13.419	6.411
13.446	6.436
13.474	6.281
13.501	6.763
13.529	6.852
13.557	6.476
13.584	6.336
13.612	6.486
13.640	6.541
13.667	6.406
13.695	6.384
13.722	6.731
13.750	6.872
13.778	6.778
13.805	6.718
13.833	6.721
13.860	6.736
13.888	6.995
13.916	6.615
13.943	6.676
13.971	6.897
13.998	6.919
14.026	6.891
14.054	7.009
14.081	7.086
14.109	6.933
14.137	6.788
14.164	7.215
14.192	7.395
14.219	6.987
14.247	6.821
14.275	7.005
14.302	7.104
14.330	7.017
14.357	6.997
14.385	7.265
14.413	7.369
14.440	7.264
14.468	7.061
14.495	7.140
14.523	7.208
14.551	7.102
14.578	6.675
14.606	6.931
14.634	7.462
14.661	7.514
14.689	7.497
14.716	7.515
14.744	7.608
14.772	7.648
14.799	7.500
14.827	7.506
14.854	7.692
14.882	7.834
14.910	7.906
14.937	7.837
14.965	7.922
14.992	8.123
15.020	7.920
15.048	7.804
15.075	7.934
15.103	7.947
15.130	7.794
15.158	7.708
15.186	7.968
15.213	8.240
15.241	8.082
15.269	8.088
15.296	8.183
15.324	8.286
15.351	8.432
15.379	8.550
15.407	8.747
15.434	8.718
15.462	8.399
15.489	8.609
15.517	8.853
15.545	8.903
15.572	8.898
15.600	8.847
15.627	8.778
15.655	8.779
15.683	8.726
15.710	9.046
15.738	9.293
15.766	9.179
15.793	8.898
15.821	8.896
15.848	9.124
15.876	9.108
15.904	8.983
15.931	9.139
15.959	9.448
15.986	9.406
16.014	9.277
16.042	9.352
16.069	9.492
16.097	9.517
16.124	9.470
16.152	9.708
16.180	9.685
16.207	9.632
16.235	9.573
16.263	9.574
16.290	9.605
16.318	9.476
16.345	9.546
16.373	9.666
16.401	10.023
16.428	10.103
16.456	10.065
16.483	9.968
16.511	10.053
16.539	10.204
16.566	10.198
16.594	10.300
16.621	10.397
16.649	10.455
16.677	10.622
16.704	10.516
16.732	10.611
16.760	10.726
16.787	10.688
16.815	10.765
16.842	10.686
16.870	10.536
16.898	10.564
16.925	10.697
16.953	10.802
16.980	10.707
17.008	10.586
17.036	11.002
17.063	11.398
17.091	11.372
17.118	11.240
17.146	11.253
17.174	11.302
17.201	11.229
17.229	10.860
17.256	11.012
17.284	11.097
17.312	11.175
17.339	11.409
17.367	11.336
17.395	11.377
17.422	11.505
17.450	11.465
17.477	11.900
17.505	12.272
17.533	12.080
17.560	11.530
17.588	11.319
17.615	11.501
17.643	11.690
17.671	11.684
17.698	11.995
17.726	12.334
17.753	12.163
17.781	12.096
17.809	12.455
17.836	12.721
17.864	12.624
17.892	12.259
17.919	12.266
17.947	12.432
17.974	12.345
18.002	12.376
18.030	12.308
18.057	12.453
18.085	12.721
18.112	12.914
18.140	13.023
18.168	13.024
18.195	12.997
18.223	12.998
18.250	12.909
18.278	12.940
18.306	13.075
18.333	13.231
18.361	13.331
18.389	13.297
18.416	13.354
18.444	13.626
18.471	13.601
18.499	13.216
18.527	13.130
18.554	13.251
18.582	13.992
18.609	14.012
18.637	13.696
18.665	13.678
18.692	13.941
18.720	13.985
18.747	13.694
18.775	13.337
18.803	13.520
18.830	13.469
18.858	13.713
18.885	14.194
18.913	14.457
18.941	14.255
18.968	14.492
18.996	14.097
19.024	14.278
19.051	14.458
19.079	14.644
19.106	14.595
19.134	14.478
19.162	14.424
19.189	14.733
19.217	14.638
19.244	14.734
19.272	14.700
19.300	14.931
19.327	15.110
19.355	15.184
19.382	15.045
19.410	15.128
19.438	15.041
19.465	15.089
19.493	15.022
19.521	15.081
19.548	15.359
19.576	15.784
19.603	15.850
19.631	15.940
19.659	15.789
19.686	15.984
19.714	15.767
19.741	15.698
19.769	15.963
19.797	16.181
19.824	16.094
19.852	16.312
19.879	16.197
19.907	16.461
19.935	16.294
19.962	16.233
19.990	16.251
20.018	16.308
20.045	16.508
20.073	16.875
20.100	16.598
20.128	16.708
20.156	16.692
20.183	16.936
20.211	17.117
20.238	17.078
20.266	16.858
20.294	17.051
20.321	17.072
20.349	17.197
20.376	17.141
20.404	17.286
20.432	17.666
20.459	17.977
20.487	18.115
20.515	18.257
20.542	17.890
20.570	17.985
20.597	18.083
20.625	18.226
20.653	18.269
20.680	18.054
20.708	18.109
20.735	18.407
20.763	18.153
20.791	18.300
20.818	18.505
20.846	18.729
20.873	18.510
20.901	18.309
20.929	18.319
20.956	18.948
20.984	19.065
21.011	19.164
21.039	19.071
21.067	19.081
21.094	19.351
21.122	19.344
21.150	19.447
21.177	19.679
21.205	19.494
21.232	19.821
21.260	19.810
21.288	19.832
21.315	19.917
21.343	19.986
21.370	20.024
21.398	20.054
21.426	19.934
21.453	20.014
21.481	20.148
21.508	20.318
21.536	20.557
21.564	20.462
21.591	20.241
21.619	20.458
21.647	20.675
21.674	21.163
21.702	21.142
21.729	21.039
21.757	21.110
21.785	21.544
21.812	21.536
21.840	21.778
21.867	21.397
21.895	21.758
21.923	22.101
21.950	22.041
21.978	21.956
22.005	21.850
22.033	21.946
22.061	22.164
22.088	22.128
22.116	22.122
22.144	22.047
22.171	22.215
22.199	22.778
22.226	22.942
22.254	22.624
22.282	22.728
22.309	22.795
22.337	23.208
22.364	22.979
22.392	22.610
22.420	22.884
22.447	23.399
22.475	23.507
22.502	23.438
22.530	23.094
22.558	23.600
22.585	23.671
22.613	23.459
22.641	23.642
22.668	23.848
22.696	24.038
22.723	24.362
22.751	23.934
22.779	23.850
22.806	23.984
22.834	24.104
22.861	24.376
22.889	24.588
22.917	24.712
22.944	24.927
22.972	24.735
22.999	25.022
23.027	25.119
23.055	24.969
23.082	25.178
23.110	25.546
23.137	25.531
23.165	25.487
23.193	25.120
23.220	25.171
23.248	25.591
23.276	25.863
23.303	25.856
23.331	25.865
23.358	25.986
23.386	26.103
23.414	26.078
23.441	26.265
23.469	26.426
23.496	26.743
23.524	26.888
23.552	26.745
23.579	26.506
23.607	26.634
23.634	26.617
23.662	26.956
23.690	26.762
23.717	26.839
23.745	27.244
23.773	27.572
23.800	27.705
23.828	27.763
23.855	27.612
23.883	27.958
23.911	27.941
23.938	27.799
23.966	28.097
23.993	28.201
24.021	28.442
24.049	28.861
24.076	28.676
24.104	28.760
24.131	28.735
24.159	28.772
24.187	28.944
24.214	29.118
24.242	29.536
24.270	29.766
24.297	29.541
24.325	29.796
24.352	29.939
24.380	29.840
24.408	29.971
24.435	30.267
24.463	30.404
24.490	30.429
24.518	30.392
24.546	30.654
24.573	30.743
24.601	30.788
24.628	31.161
24.656	31.403
24.684	31.421
24.711	31.509
24.739	31.438
24.767	31.584
24.794	31.519
24.822	31.475
24.849	31.544
24.877	31.714
24.905	31.870
24.932	32.115
24.960	32.225
24.987	32.672
25.015	32.546
25.043	32.421
25.070	32.764
25.098	33.050
25.125	33.024
25.153	32.928
25.181	32.933
25.208	33.442
25.236	33.422
25.263	33.400
25.291	33.788
25.319	33.919
25.346	33.912
25.374	34.152
25.402	34.078
25.429	34.128
25.457	34.307
25.484	34.632
25.512	35.038
25.540	34.635
25.567	34.597
25.595	35.189
25.622	35.149
25.650	35.046
25.678	35.015
25.705	35.243
25.733	35.632
25.760	35.562
25.788	35.611
25.816	35.941
25.843	36.353
25.871	36.522
25.899	36.766
25.926	36.795
25.954	37.049
25.981	37.213
26.009	37.528
26.037	37.748
26.064	37.581
26.092	37.840
26.119	38.123
26.147	38.110
26.175	37.934
26.202	37.881
26.230	38.123
26.257	38.486
26.285	38.553
26.313	38.639
26.340	38.668
26.368	38.863
26.396	39.148
26.423	39.100
26.451	39.167
26.478	39.517
26.506	39.572
26.534	39.709
26.561	39.747
26.589	40.014
26.616	40.208
26.644	40.204
26.672	40.215
26.699	40.506
26.727	40.591
26.754	40.966
26.782	40.898
26.810	40.972
26.837	41.402
26.865	41.242
26.893	41.438
26.920	42.009
26.948	42.356
26.975	42.353
27.003	42.366
27.031	42.608
27.058	42.970
27.086	42.987
27.113	42.954
27.141	43.124
27.169	42.968
27.196	43.251
27.224	43.296
27.251	43.413
27.279	43.571
27.307	43.657
27.334	43.709
27.362	43.898
27.389	44.068
27.417	44.363
27.445	44.484
27.472	44.551
27.500	44.859
27.528	44.983
27.555	45.084
27.583	45.414
27.610	45.505
27.638	45.620
27.666	45.809
27.693	46.015
27.721	46.353
27.748	46.521
27.776	46.753
27.804	46.800
27.831	46.884
27.859	46.998
27.886	46.959
27.914	47.297
27.942	47.674
27.969	47.501
27.997	47.564
28.025	48.047
28.052	48.154
28.080	48.494
28.107	48.671
28.135	48.686
28.163	48.998
28.190	49.263
28.218	49.524
28.245	49.509
28.273	49.567
28.301	49.859
28.328	50.079
28.356	50.078
28.383	50.248
28.411	50.432
28.439	50.574
28.466	50.848
28.494	50.910
28.522	51.199
28.549	51.296
28.577	51.398
28.604	51.664
28.632	51.885
28.660	52.044
28.687	52.193
28.715	52.382
28.742	52.490
28.770	52.547
28.798	52.748
28.825	53.098
28.853	53.071
28.880	53.164
28.908	53.609
28.936	53.781
28.963	54.079
28.991	54.451
29.019	54.920
29.046	54.869
29.074	54.661
29.101	54.613
29.129	54.920
29.157	55.089
29.184	54.907
29.212	55.067
29.239	55.497
29.267	55.834
29.295	56.154
29.322	56.556
29.350	56.986
29.377	57.000
29.405	56.991
29.433	56.882
29.460	57.051
29.488	57.356
29.515	57.534
29.543	57.611
29.571	57.729
29.598	58.125
29.626	58.701
29.654	59.238
29.681	59.242
29.709	59.299
29.736	59.631
29.764	60.088
29.792	60.201
29.819	59.872
29.847	60.050
29.874	60.353
29.902	60.597
29.930	60.729
29.957	60.618
29.985	60.844
30.012	61.226
30.040	61.685
30.068	62.051
30.095	62.128
30.123	62.058
30.151	62.435
30.178	62.727
30.206	62.868
30.233	62.977
30.261	63.265
30.289	63.678
30.316	63.867
30.344	64.015
30.371	64.469
30.399	64.559
30.427	64.572
30.454	64.693
30.482	64.821
30.509	65.057
30.537	65.245
30.565	65.336
30.592	65.703
30.620	65.916
30.648	66.111
30.675	66.367
30.703	66.288
30.730	66.684
30.758	67.177
30.786	67.257
30.813	67.319
30.841	67.424
30.868	67.760
30.896	68.178
30.924	68.229
30.951	68.380
30.979	68.575
31.006	68.944
31.034	69.304
31.062	69.287
31.089	69.448
31.117	70.066
31.145	70.315
31.172	70.242
31.200	70.428
31.227	70.757
31.255	71.068
31.283	71.214
31.310	71.704
31.338	71.929
31.365	71.899
31.393	71.998
31.421	72.159
31.448	72.389
31.476	72.528
31.503	72.584
31.531	73.053
31.559	73.190
31.586	73.334
31.614	73.796
31.641	74.116
31.669	74.318
31.697	74.385
31.724	74.587
31.752	75.068
31.780	75.649
31.807	75.674
31.835	75.990
31.862	76.383
31.890	76.479
31.918	76.494
31.945	76.443
31.973	76.733
32.000	77.159
32.028	77.139
32.056	77.473
32.083	77.781
32.111	78.130
32.138	78.196
32.166	78.076
32.194	78.433
32.221	79.086
32.249	79.251
32.277	79.904
32.304	80.106
32.332	80.344
32.359	80.752
32.387	81.008
32.415	80.855
32.442	81.017
32.470	81.047
32.497	81.249
32.525	81.672
32.553	82.010
32.580	82.200
32.608	82.237
32.635	82.581
32.663	83.075
32.691	82.891
32.718	83.008
32.746	83.322
32.774	83.759
32.801	84.264
32.829	84.454
32.856	84.551
32.884	84.833
32.912	84.856
32.939	85.295
32.967	85.398
32.994	85.324
33.022	85.542
33.050	85.635
33.077	85.862
33.105	86.282
33.132	86.378
33.160	86.641
33.188	87.148
33.215	87.344
33.243	87.462
33.271	87.618
33.298	88.034
33.326	88.564
33.353	88.325
33.381	88.396
33.409	88.939
33.436	89.383
33.464	89.639
33.491	89.757
33.519	90.100
33.547	90.512
33.574	90.463
33.602	90.933
33.629	91.318
33.657	91.501
33.685	91.785
33.712	91.969
33.740	91.942
33.767	92.243
33.795	92.221
33.823	92.664
33.850	93.116
33.878	93.619
33.906	94.068
33.933	94.133
33.961	94.223
33.988	94.612
34.016	94.530
34.044	94.822
34.071	94.942
34.099	95.024
34.126	95.051
34.154	95.213
34.182	95.252
34.209	95.491
34.237	95.716
34.264	96.219
34.292	96.426
34.320	96.733
34.347	97.394
34.375	97.552
34.403	97.682
34.430	98.179
34.458	98.279
34.485	98.466
34.513	98.764
34.541	98.892
34.568	98.956
34.596	99.103
34.623	99.716
34.651	100.336
34.679	100.308
34.706	100.595
34.734	100.742
34.761	100.833
34.789	101.222
34.817	101.662
34.844	101.896
34.872	101.939
34.900	102.066
34.927	102.424
34.955	102.487
34.982	102.292
35.010	102.451
35.038	102.772
35.065	103.036
35.093	103.411
35.120	103.589
35.148	104.057
35.176	104.123
35.203	104.428
35.231	104.625
35.258	104.686
35.286	105.082
35.314	105.841
35.341	106.000
35.369	106.028
35.397	106.225
35.424	106.874
35.452	107.428
35.479	107.273
35.507	107.156
35.535	107.473
35.562	107.852
35.590	108.205
35.617	108.370
35.645	108.809
35.673	109.454
35.700	109.652
35.728	109.332
35.755	109.300
35.783	109.355
35.811	109.507
35.838	109.677
35.866	109.914
35.893	110.323
35.921	110.494
35.949	110.741
35.976	111.222
36.004	111.749
36.032	112.258
36.059	112.361
36.087	112.593
36.114	113.219
36.142	113.604
36.170	113.777
36.197	114.093
36.225	113.975
36.252	114.245
36.280	114.466
36.308	114.668
36.335	114.606
36.363	114.588
36.390	115.056
36.418	115.642
36.446	116.045
36.473	116.421
36.501	116.668
36.529	117.047
36.556	117.553
36.584	117.532
36.611	117.655
36.639	118.226
36.667	118.381
36.694	118.612
36.722	118.826
36.749	119.212
36.777	119.498
36.805	119.696
36.832	119.911
36.860	120.358
36.887	120.601
36.915	120.833
36.943	120.855
36.970	121.102
36.998	121.444
37.026	121.706
37.053	121.659
37.081	121.794
37.108	121.956
37.136	122.153
37.164	122.096
37.191	122.288
37.219	122.804
37.246	123.065
37.274	123.284
37.302	123.736
37.329	124.027
37.357	124.534
37.384	124.935
37.412	125.106
37.440	125.333
37.467	125.479
37.495	125.554
37.523	125.832
37.550	126.024
37.578	126.355
37.605	126.727
37.633	126.987
37.661	127.389
37.688	127.641
37.716	127.796
37.743	128.192
37.771	128.024
37.799	128.221
37.826	128.404
37.854	128.600
37.881	128.826
37.909	129.140
37.937	129.414
37.964	129.872
37.992	130.135
38.019	130.295
38.047	130.308
38.075	130.560
38.102	130.788
38.130	130.752
38.158	130.789
38.185	131.079
38.213	131.167
38.240	131.384
38.268	131.488
38.296	131.698
38.323	131.912
38.351	132.271
38.378	132.575
38.406	133.028
38.434	133.027
38.461	133.269
38.489	133.424
38.516	133.693
38.544	134.042
38.572	134.190
38.599	134.502
38.627	134.922
38.655	134.979
38.682	135.365
38.710	135.630
38.737	135.936
38.765	136.205
38.793	136.427
38.820	136.339
38.848	136.506
38.875	136.641
38.903	137.043
38.931	136.933
38.958	136.918
38.986	137.360
39.013	137.410
39.041	137.469
39.069	137.928
39.096	138.206
39.124	138.328
39.152	138.596
39.179	138.984
39.207	139.124
39.234	139.196
39.262	139.286
39.290	139.556
39.317	139.582
39.345	139.965
39.372	140.119
39.400	140.245
39.428	140.431
39.455	140.634
39.483	140.737
39.510	140.956
39.538	140.685
39.566	141.043
39.593	141.373
39.621	141.593
39.649	141.713
39.676	141.760
39.704	141.749
39.731	142.007
39.759	141.941
39.787	142.207
39.814	142.564
39.842	142.918
39.869	143.122
39.897	143.169
39.925	143.392
39.952	143.645
39.980	143.484
40.007	143.558
40.035	143.595
40.063	143.745
40.090	144.002
40.118	144.128
40.145	144.166
40.173	144.520
40.201	144.667
40.228	144.991
40.256	145.003
40.284	144.973
40.311	145.164
40.339	145.515
40.366	145.770
40.394	146.068
40.422	145.992
40.449	146.163
40.477	146.196
40.504	146.243
40.532	146.375
40.560	146.468
40.587	146.421
40.615	146.553
40.642	146.618
40.670	147.064
40.698	147.029
40.725	147.196
40.753	147.684
40.781	147.913
40.808	147.978
40.836	148.144
40.863	148.171
40.891	148.402
40.919	148.619
40.946	148.765
40.974	148.907
41.001	149.065
41.029	149.163
41.057	149.476
41.084	149.506
41.112	149.683
41.139	149.575
41.167	149.660
41.195	149.962
41.222	150.081
41.250	150.062
41.278	150.350
41.305	150.293
41.333	150.497
41.360	150.740
41.388	150.942
41.416	150.995
41.443	150.991
41.471	151.159
41.498	151.690
41.526	151.715
41.554	151.786
41.581	151.711
41.609	151.875
41.636	152.050
41.664	152.141
41.692	152.161
41.719	152.303
41.747	152.184
41.775	152.455
41.802	152.498
41.830	152.704
41.857	152.993
41.885	153.454
41.913	153.392
41.940	153.493
41.968	153.480
41.995	154.017
42.023	154.088
42.051	154.064
42.078	153.963
42.106	154.065
42.133	154.218
42.161	154.519
42.189	154.293
42.216	154.406
42.244	154.578
42.271	154.997
42.299	155.023
42.327	155.106
42.354	155.278
42.382	155.620
42.410	155.564
42.437	155.719
42.465	155.828
42.492	155.845
42.520	155.712
42.548	155.750
42.575	155.749
42.603	155.887
42.630	155.896
42.658	156.355
42.686	156.587
42.713	156.507
42.741	156.473
42.768	156.723
42.796	156.816
42.824	156.851
42.851	156.603
42.879	156.693
42.907	156.789
42.934	157.159
42.962	157.220
42.989	157.441
43.017	157.588
43.045	157.855
43.072	157.733
43.100	157.936
43.127	158.087
43.155	158.311
43.183	158.270
43.210	158.434
43.238	158.487
43.265	158.763
43.293	158.611
43.321	158.905
43.348	158.863
43.376	159.130
43.404	159.277
43.431	159.409
43.459	159.483
43.486	159.681
43.514	159.590
43.542	159.729
43.569	159.910
43.597	160.006
43.624	159.787
43.652	159.796
43.680	159.837
43.707	160.013
43.735	159.940
43.762	160.093
43.790	160.256
43.818	160.411
43.845	160.373
43.873	160.492
43.901	160.574
43.928	160.644
43.956	160.490
43.983	160.514
44.011	160.587
44.039	160.737
44.066	161.023
44.094	161.166
44.121	161.084
44.149	161.024
44.177	160.928
44.204	160.911
44.232	160.872
44.259	160.992
44.287	161.181
44.315	161.442
44.342	161.569
44.370	161.565
44.397	161.535
44.425	161.661
44.453	161.645
44.480	161.635
44.508	161.625
44.536	161.698
44.563	161.626
44.591	161.729
44.618	161.733
44.646	161.898
44.674	161.965
44.701	162.086
44.729	162.000
44.756	161.986
44.784	161.969
44.812	162.153
44.839	162.016
44.867	162.005
44.894	161.981
44.922	162.066
44.950	162.184
44.977	162.340
45.005	162.196
45.033	162.161
45.060	162.243
45.088	162.316
45.115	162.332
45.143	162.600
45.171	162.679
45.198	162.616
45.226	162.539
45.253	162.676
45.281	162.488
45.309	162.462
45.336	162.410
45.364	162.495
45.391	162.528
45.419	162.758
45.447	162.822
45.474	162.973
45.502	162.822
45.530	162.883
45.557	162.859
45.585	162.985
45.612	162.920
45.640	162.865
45.668	162.859
45.695	162.884
45.723	162.829
45.750	162.955
45.778	162.990
45.806	162.985
45.833	163.013
45.861	162.995
45.888	163.032
45.916	163.284
45.944	163.150
45.971	163.166
45.999	163.245
46.027	163.353
46.054	163.355
46.082	163.472
46.109	163.493
46.137	163.542
46.165	163.381
46.192	163.558
46.220	163.560
46.247	163.464
46.275	163.347
46.303	163.341
46.330	163.367
46.358	163.463
46.385	163.409
46.413	163.675
46.441	163.730
46.468	163.622
46.496	163.578
46.523	163.587
46.551	163.644
46.579	163.712
46.606	163.634
46.634	163.558
46.662	163.549
46.689	163.568
46.717	163.831
46.744	163.975
46.772	163.853
46.800	163.736
46.827	163.591
46.855	163.670
46.882	163.823
46.910	163.894
46.938	163.771
46.965	163.591
46.993	163.517
47.020	163.647
47.048	163.641
47.076	163.664
47.103	163.748
47.131	163.892
47.159	163.926
47.186	163.854
47.214	163.706
47.241	163.756
47.269	163.852
47.297	164.128
47.324	164.054
47.352	163.876
47.379	163.995
47.407	164.069
47.435	163.947
47.462	163.799
47.490	163.817
47.517	164.049
47.545	164.186
47.573	164.148
47.600	164.068
47.628	163.961
47.656	163.980
47.683	164.082
47.711	163.979
47.738	163.918
47.766	164.043
47.794	164.208
47.821	164.216
47.849	164.106
47.876	164.016
47.904	164.003
47.932	163.916
47.959	164.047
47.987	164.073
48.014	164.056
48.042	164.081
48.070	164.160
48.097	164.209
48.125	164.186
48.153	164.119
48.180	164.212
48.208	164.285
48.235	164.221
48.263	164.108
48.291	163.991
48.318	163.984
48.346	164.058
48.373	164.052
48.401	164.067
48.429	164.036
48.456	164.016
48.484	164.058
48.511	164.034
48.539	164.110
48.567	164.159
48.594	164.170
48.622	164.182
48.649	164.181
48.677	164.128
48.705	164.111
48.732	164.120
48.760	164.035
48.788	163.912
48.815	163.958
48.843	164.106
48.870	164.244
48.898	164.324
48.926	164.286
48.953	164.125
48.981	163.914
49.008	163.941
49.036	163.924
49.064	163.920
49.091	164.039
49.119	164.122
49.146	164.130
49.174	164.145
49.202	164.162
49.229	164.244
49.257	164.083
49.285	164.051
49.312	164.149
49.340	164.200
49.367	164.022
49.395	163.850
49.423	163.939
49.450	164.095
49.478	164.034
49.505	164.061
49.533	163.999
49.561	163.834
49.588	163.832
49.616	164.010
49.643	164.007
49.671	163.972
49.699	163.896
49.726	163.931
49.754	163.940
49.782	163.980
49.809	163.929
49.837	163.786
49.864	163.735
49.892	163.808
49.920	163.766
49.947	163.935
49.975	164.006
50.002	163.966
50.030	163.968
50.058	163.931
50.085	163.924
50.113	164.002
50.140	163.808
50.168	163.759
50.196	163.753
50.223	163.714
50.251	163.692
50.279	163.654
50.306	163.669
50.334	163.767
50.361	163.701
50.389	163.769
50.417	163.781
50.444	163.682
50.472	163.734
50.499	163.772
50.527	163.703
50.555	163.655
50.582	163.609
50.610	163.678
50.637	163.696
50.665	163.576
50.693	163.486
50.720	163.451
50.748	163.586
50.775	163.605
50.803	163.641
50.831	163.571
50.858	163.588
50.886	163.594
50.914	163.510
50.941	163.417
50.969	163.362
50.996	163.250
51.024	163.178
51.052	163.174
51.079	163.049
51.107	163.005
51.134	163.189
51.162	163.236
51.190	163.075
51.217	162.800
51.245	162.970
51.272	163.052
51.300	163.134
51.328	163.103
51.355	163.101
51.383	163.022
51.411	163.072
51.438	163.049
51.466	162.962
51.493	162.913
51.521	162.860
51.549	162.873
51.576	162.843
51.604	162.814
51.631	162.749
51.659	162.653
51.687	162.646
51.714	162.583
51.742	162.653
51.769	162.622
51.797	162.531
51.825	162.337
51.852	162.243
51.880	162.194
51.908	162.344
51.935	162.418
51.963	162.403
51.990	162.240
52.018	162.182
52.046	162.229
52.073	162.258
52.101	162.167
52.128	162.230
52.156	162.288
52.184	162.303
52.211	162.200
52.239	162.102
52.266	161.933
52.294	161.781
52.322	161.708
52.349	161.551
52.377	161.520
52.405	161.525
52.432	161.525
52.460	161.730
52.487	161.657
52.515	161.706
52.543	161.571
52.570	161.299
52.598	161.285
52.625	161.306
52.653	161.157
52.681	161.153
52.708	161.278
52.736	161.309
52.763	161.285
52.791	161.260
52.819	161.157
52.846	161.051
52.874	160.926
52.901	160.791
52.929	160.711
52.957	160.944
52.984	161.154
53.012	161.131
53.040	160.959
53.067	160.890
53.095	160.777
53.122	160.674
53.150	160.416
53.178	160.137
53.205	160.019
53.233	160.086
53.260	160.150
53.288	160.354
53.316	160.396
53.343	160.378
53.371	160.178
53.398	160.089
53.426	160.042
53.454	159.953
53.481	159.861
53.509	159.764
53.537	159.492
53.564	159.473
53.592	159.487
53.619	159.400
53.647	159.280
53.675	159.402
53.702	159.395
53.730	159.282
53.757	159.100
53.785	159.019
53.813	158.806
53.840	158.727
53.868	158.399
53.895	158.403
53.923	158.308
53.951	158.328
53.978	158.192
54.006	158.266
54.034	158.304
54.061	158.094
54.089	157.752
54.116	157.704
54.144	157.655
54.172	157.809
54.199	157.794
54.227	157.574
54.254	157.377
54.282	157.399
54.310	157.374
54.337	157.280
54.365	157.207
54.392	157.112
54.420	156.936
54.448	156.814
54.475	156.436
54.503	156.194
54.531	156.270
54.558	156.361
54.586	156.130
54.613	156.001
54.641	155.928
54.669	155.935
54.696	155.792
54.724	155.742
54.751	155.698
54.779	155.638
54.807	155.520
54.834	155.478
54.862	155.331
54.889	155.204
54.917	154.983
54.945	154.796
54.972	154.703
55.000	154.672
55.027	154.624
55.055	154.630
55.083	154.402
55.110	154.098
55.138	153.962
55.166	154.188
55.193	154.203
55.221	153.935
55.248	153.890
55.276	153.902
55.304	153.617
55.331	153.356
55.359	153.294
55.386	153.142
55.414	152.888
55.442	152.860
55.469	152.868
55.497	152.910
55.524	152.752
55.552	152.523
55.580	152.130
55.607	152.126
55.635	152.071
55.663	151.807
55.690	151.730
55.718	151.742
55.745	151.648
55.773	151.605
55.801	151.369
55.828	151.113
55.856	151.021
55.883	150.841
55.911	150.713
55.939	150.831
55.966	150.634
55.994	150.461
56.021	150.206
56.049	150.122
56.077	150.067
56.104	149.918
56.132	149.716
56.160	149.668
56.187	149.622
56.215	149.553
56.242	149.278
56.270	149.030
56.298	148.932
56.325	148.854
56.353	148.867
56.380	148.712
56.408	148.622
56.436	148.814
56.463	148.633
56.491	148.225
56.518	147.957
56.546	147.854
56.574	147.731
56.601	147.560
56.629	147.303
56.657	147.234
56.684	147.189
56.712	147.047
56.739	146.838
56.767	146.490
56.795	146.396
56.822	146.395
56.850	146.245
56.877	146.081
56.905	146.044
56.933	146.186
56.960	146.089
56.988	145.784
57.015	145.622
57.043	145.373
57.071	145.244
57.098	145.333
57.126	145.105
57.153	144.962
57.181	144.905
57.209	144.676
57.236	144.595
57.264	144.201
57.292	143.870
57.319	144.044
57.347	143.896
57.374	143.645
57.402	143.544
57.430	143.416
57.457	143.300
57.485	143.178
57.512	142.983
57.540	142.791
57.568	142.191
57.595	141.956
57.623	141.976
57.650	141.420
57.678	141.223
57.706	141.192
57.733	141.244
57.761	141.207
57.789	140.907
57.816	140.641
57.844	140.619
57.871	140.380
57.899	140.242
57.927	140.106
57.954	139.946
57.982	139.779
58.009	139.561
58.037	139.392
58.065	139.391
58.092	139.113
58.120	138.737
58.147	138.616
58.175	138.510
58.203	138.435
58.230	138.493
58.258	138.422
58.286	138.052
58.313	137.894
58.341	137.845
58.368	137.733
58.396	137.502
58.424	137.148
58.451	136.885
58.479	136.606
58.506	136.185
58.534	135.950
58.562	135.904
58.589	135.818
58.617	135.559
58.644	135.509
58.672	135.522
58.700	135.211
58.727	134.897
58.755	134.622
58.783	134.590
58.810	134.322
58.838	133.998
58.865	133.921
58.893	133.630
58.921	133.267
58.948	132.999
58.976	132.728
59.003	132.828
59.031	132.654
59.059	132.441
59.086	132.218
59.114	131.870
59.141	131.826
59.169	131.917
59.197	131.598
59.224	131.209
59.252	130.706
59.279	130.458
59.307	130.311
59.335	130.100
59.362	129.727
59.390	129.704
59.418	129.418
59.445	129.081
59.473	128.766
59.500	128.484
59.528	128.427
59.556	128.400
59.583	128.051
59.611	127.934
59.638	127.998
59.666	127.848
59.694	127.628
59.721	127.588
59.749	127.561
59.776	127.411
59.804	127.166
59.832	127.083
59.859	126.975
59.887	126.469
59.915	126.236
59.942	126.115
59.970	125.947
59.997	125.606
60.025	125.289
60.053	125.234
60.080	124.935
60.108	124.686
60.135	124.459
60.163	124.211
60.191	123.987
60.218	123.906
60.246	124.017
60.273	124.095
60.301	123.362
60.329	123.198
60.356	123.145
60.384	122.955
60.412	122.571
60.439	122.373
60.467	122.058
60.494	121.734
60.522	121.380
60.550	121.345
60.577	120.759
60.605	120.640
60.632	120.719
60.660	120.713
60.688	120.428
60.715	120.214
60.743	119.564
60.770	119.413
60.798	119.403
60.826	119.278
60.853	118.991
60.881	118.920
60.909	118.646
60.936	118.351
60.964	117.737
60.991	117.429
61.019	117.002
61.047	116.637
61.074	116.259
61.102	115.794
61.129	115.391
61.157	115.281
61.185	114.941
61.212	114.892
61.240	114.600
61.267	114.329
61.295	114.167
61.323	113.918
61.350	113.810
61.378	113.829
61.405	113.155
61.433	113.069
61.461	112.740
61.488	112.394
61.516	112.206
61.544	112.140
61.571	112.166
61.599	112.200
61.626	111.774
61.654	111.547
61.682	111.465
61.709	111.494
61.737	111.252
61.764	110.723
61.792	110.146
61.820	109.990
61.847	109.895
61.875	109.818
61.902	109.417
61.930	109.118
61.958	108.975
61.985	108.847
62.013	108.468
62.041	108.318
62.068	108.032
62.096	108.142
62.123	107.891
62.151	107.492
62.179	107.348
62.206	107.069
62.234	106.578
62.261	106.428
62.289	105.876
62.317	105.726
62.344	105.449
62.372	105.236
62.399	104.998
62.427	104.750
62.455	104.427
62.482	104.382
62.510	103.696
62.538	103.602
62.565	103.257
62.593	102.906
62.620	102.802
62.648	102.926
62.676	102.911
62.703	102.825
62.731	102.225
62.758	102.395
62.786	102.005
62.814	101.856
62.841	101.656
62.869	101.192
62.896	100.796
62.924	100.634
62.952	100.293
62.979	100.259
63.007	99.941
63.035	99.753
63.062	99.779
63.090	99.645
63.117	99.390
63.145	99.370
63.173	98.775
63.200	98.390
63.228	98.061
63.255	98.012
63.283	97.785
63.311	97.353
63.338	97.037
63.366	96.948
63.393	96.569
63.421	96.406
63.449	95.814
63.476	95.484
63.504	95.552
63.531	95.565
63.559	95.194
63.587	95.127
63.614	94.793
63.642	94.530
63.670	94.082
63.697	93.785
63.725	93.553
63.752	93.369
63.780	93.258
63.808	93.227
63.835	92.775
63.863	92.760
63.890	92.569
63.918	92.449
63.946	92.353
63.973	92.068
64.001	91.814
64.028	91.839
64.056	91.146
64.084	90.802
64.111	90.361
64.139	90.162
64.167	89.949
64.194	89.934
64.222	89.595
64.249	89.569
64.277	89.060
64.305	88.917
64.332	88.625
64.360	88.198
64.387	87.757
64.415	87.484
64.443	87.083
64.470	86.912
64.498	86.759
64.525	86.936
64.553	86.495
64.581	86.294
64.608	86.440
64.636	86.163
64.664	85.740
64.691	85.723
64.719	85.178
64.746	84.785
64.774	84.399
64.802	84.426
64.829	84.538
64.857	84.330
64.884	83.919
64.912	84.088
64.940	83.716
64.967	83.551
64.995	83.179
65.022	83.049
65.050	82.716
65.078	82.433
65.105	82.144
65.133	82.311
65.160	81.701
65.188	81.527
65.216	81.134
65.243	80.999
65.271	81.008
65.299	80.712
65.326	80.163
65.354	79.787
65.381	79.322
65.409	79.112
65.437	78.878
65.464	78.799
65.492	78.736
65.519	78.478
65.547	78.264
65.575	78.403
65.602	78.142
65.630	77.868
65.657	77.523
65.685	77.344
65.713	77.473
65.740	77.512
65.768	76.998
65.796	76.666
65.823	76.185
65.851	75.948
65.878	75.429
65.906	75.096
65.934	74.890
65.961	74.691
65.989	74.284
66.016	74.410
66.044	73.963
66.072	73.741
66.099	73.446
66.127	73.153
66.154	73.093
66.182	72.935
66.210	72.281
66.237	71.953
66.265	71.670
66.293	71.686
66.320	71.110
66.348	70.972
66.375	70.850
66.403	70.619
66.431	70.352
66.458	70.468
66.486	69.963
66.513	70.058
66.541	69.580
66.569	69.543
66.596	69.438
66.624	69.117
66.651	68.457
66.679	68.532
66.707	68.171
66.734	68.191
66.762	67.596
66.790	67.588
66.817	67.552
66.845	67.664
66.872	67.196
66.900	67.267
66.928	66.875
66.955	66.807
66.983	66.464
67.010	66.237
67.038	66.264
67.066	66.206
67.093	66.034
67.121	66.066
67.148	65.664
67.176	65.605
67.204	65.045
67.231	64.731
67.259	64.670
67.286	64.293
67.314	63.818
67.342	63.916
67.369	63.642
67.397	63.388
67.425	63.071
67.452	63.097
67.480	62.924
67.507	62.683
67.535	62.558
67.563	62.560
67.590	62.025
67.618	62.242
67.645	61.642
67.673	61.441
67.701	61.216
67.728	61.185
67.756	60.889
67.783	60.728
67.811	60.174
67.839	60.078
67.866	59.841
67.894	59.965
67.922	60.043
67.949	59.784
67.977	59.573
68.004	59.622
68.032	59.005
68.060	58.887
68.087	58.490
68.115	58.353
68.142	58.220
68.170	57.885
68.198	57.706
68.225	57.866
68.253	57.307
68.280	56.988
68.308	56.720
68.336	56.692
68.363	56.565
68.391	56.218
68.419	55.986
68.446	55.934
68.474	55.929
68.501	55.912
68.529	55.506
68.557	55.343
68.584	55.117
68.612	54.983
68.639	54.672
68.667	54.473
68.695	54.185
68.722	54.443
68.750	54.311
68.777	53.931
68.805	53.660
68.833	53.521
68.860	53.131
68.888	53.086
68.916	52.531
68.943	52.241
68.971	52.144
68.998	52.355
69.026	52.182
69.054	51.726
69.081	51.493
69.109	51.876
69.136	51.476
69.164	51.265
69.192	50.991
69.219	50.906
69.247	50.847
69.274	50.520
69.302	50.316
69.330	50.433
69.357	50.200
69.385	50.081
69.412	49.675
69.440	49.521
69.468	49.376
69.495	49.354
69.523	49.262
69.551	49.269
69.578	48.640
69.606	48.684
69.633	48.440
69.661	48.277
69.689	47.959
69.716	47.897
69.744	47.824
69.771	47.992
69.799	47.340
69.827	47.172
69.854	46.955
69.882	46.727
69.909	46.611
69.937	46.631
69.965	46.281
69.992	46.253
70.020	46.036
70.048	46.199
70.075	45.810
70.103	45.529
70.130	45.424
70.158	45.406
70.186	44.912
70.213	44.657
70.241	44.146
70.268	44.676
70.296	44.625
70.324	44.245
70.351	44.113
70.379	44.042
70.406	43.797
70.434	43.536
70.462	43.059
70.489	43.223
70.517	43.334
70.545	43.142
70.572	42.736
70.600	42.639
70.627	42.757
70.655	42.693
70.683	42.186
70.710	41.774
70.738	41.535
70.765	41.499
70.793	41.464
70.821	41.390
70.848	41.325
70.876	41.416
70.903	41.154
70.931	41.263
70.959	40.926
70.986	40.579
71.014	40.331
71.042	40.221
71.069	40.177
71.097	40.370
71.124	39.928
71.152	39.884
71.180	39.672
71.207	39.609
71.235	39.508
71.262	39.370
71.290	39.301
71.318	39.353
71.345	38.845
71.373	38.589
71.400	38.562
71.428	38.760
71.456	38.598
71.483	38.223
71.511	37.986
71.538	37.888
71.566	37.704
71.594	37.846
71.621	37.509
71.649	37.304
71.677	37.513
71.704	37.713
71.732	37.424
71.759	37.053
71.787	36.494
71.815	36.659
71.842	36.373
71.870	36.193
71.897	36.177
71.925	36.117
71.953	35.981
71.980	36.064
72.008	35.725
72.035	35.733
72.063	35.407
72.091	35.421
72.118	35.221
72.146	35.159
72.174	34.924
72.201	34.760
72.229	34.709
72.256	35.019
72.284	34.603
72.312	34.389
72.339	34.578
72.367	34.528
72.394	33.993
72.422	33.903
72.450	33.693
72.477	33.920
72.505	33.726
72.532	33.517
72.560	33.557
72.588	33.550
72.615	33.433
72.643	33.450
72.671	32.884
72.698	32.873
72.726	32.694
72.753	32.463
72.781	32.444
72.809	32.590
72.836	32.659
72.864	32.898
72.891	32.399
72.919	32.519
72.947	32.250
72.974	31.904
73.002	31.638
73.029	31.549
73.057	31.442
73.085	31.481
73.112	31.027
73.140	30.884
73.168	30.792
73.195	30.884
73.223	31.019
73.250	31.159
73.278	30.973
73.306	30.678
73.333	30.215
73.361	30.579
73.388	30.481
73.416	30.259
73.444	29.917
73.471	29.984
73.499	29.494
73.526	29.403
73.554	29.135
73.582	29.259
73.609	29.330
73.637	29.163
73.664	29.067
73.692	29.266
73.720	29.312
73.747	29.277
73.775	28.613
73.803	28.971
73.830	28.714
73.858	28.637
73.885	28.263
73.913	27.978
73.941	27.911
73.968	28.177
73.996	27.697
74.023	27.635
74.051	27.602
74.079	27.692
74.106	27.507
74.134	27.487
74.161	27.508
74.189	27.446
74.217	26.881
74.244	26.891
74.272	26.681
74.300	26.581
74.327	26.370
74.355	26.362
74.382	26.426
74.410	26.561
74.438	25.950
74.465	25.758
74.493	25.633
74.520	25.918
74.548	26.066
74.576	25.705
74.603	25.334
74.631	25.424
74.658	25.275
74.686	25.441
74.714	25.171
74.741	25.184
74.769	25.161
74.797	24.888
74.824	24.840
74.852	25.177
74.879	24.741
74.907	24.725
74.935	24.659
74.962	24.561
74.990	24.484
75.017	24.730
75.045	24.508
75.073	24.076
75.100	23.757
75.128	23.806
75.155	23.624
75.183	23.707
75.211	23.757
75.238	23.712
75.266	23.471
75.294	23.584
75.321	23.271
75.349	23.352
75.376	23.294
75.404	23.211
75.432	23.214
75.459	23.267
75.487	23.065
75.514	22.903
75.542	22.683
75.570	22.635
75.597	22.175
75.625	22.171
75.652	22.461
75.680	22.487
75.708	22.348
75.735	22.363
75.763	22.065
75.790	22.095
75.818	21.997
75.846	22.103
75.873	21.997
75.901	21.890
75.929	21.610
75.956	21.812
75.984	21.582
76.011	21.325
76.039	20.953
76.067	20.985
76.094	21.168
76.122	21.135
76.149	20.961
76.177	20.801
76.205	20.696
76.232	20.906
76.260	20.558
76.287	20.277
76.315	20.440
76.343	20.403
76.370	20.334
76.398	20.538
76.426	20.409
76.453	20.544
76.481	20.200
76.508	20.049
76.536	20.060
76.564	20.028
76.591	19.623
76.619	19.772
76.646	19.544
76.674	19.703
76.702	19.633
76.729	19.476
76.757	19.550
76.784	19.413
76.812	19.188
76.840	19.424
76.867	19.238
76.895	19.428
76.923	19.191
76.950	19.046
76.978	18.955
77.005	18.745
77.033	18.390
77.061	18.468
77.088	18.355
77.116	18.735
77.143	18.508
77.171	18.449
77.199	18.413
77.226	18.315
77.254	17.912
77.281	17.874
77.309	17.642
77.337	17.593
77.364	17.341
77.392	17.473
77.420	17.597
77.447	17.478
77.475	17.238
77.502	17.199
77.530	17.101
77.558	17.192
77.585	17.054
77.613	17.039
77.640	16.810
77.668	16.638
77.696	16.421
77.723	16.600
77.751	16.520
77.778	16.737
77.806	16.608
77.834	16.219
77.861	16.054
77.889	16.237
77.916	16.366
77.944	16.308
77.972	15.906
77.999	15.965
78.027	15.913
78.055	15.988
78.082	15.913
78.110	15.543
78.137	15.503
78.165	15.664
78.193	15.491
78.220	15.611
78.248	15.462
78.275	15.399
78.303	15.431
78.331	15.646
78.358	15.536
78.386	15.620
78.413	15.013
78.441	15.075
78.469	14.843
78.496	14.878
78.524	14.953
78.552	14.851
78.579	14.620
78.607	14.745
78.634	14.508
78.662	14.909
78.690	14.711
78.717	14.446
78.745	14.726
78.772	14.909
78.800	14.565
78.828	14.339
78.855	14.126
78.883	14.402
78.910	14.365
78.938	14.282
78.966	14.250
78.993	14.308
79.021	14.216
79.049	14.164
79.076	13.826
79.104	13.964
79.131	13.976
79.159	13.627
79.187	13.245
79.214	13.363
79.242	13.509
79.269	13.919
79.297	13.188
79.325	13.472
79.352	13.622
79.380	13.447
79.407	13.312
79.435	13.196
79.463	13.023
79.490	13.002
79.518	12.881
79.546	13.277
79.573	13.188
79.601	12.978
79.628	13.260
79.656	13.404
79.684	13.038
79.711	12.719
79.739	12.457
79.766	12.920
79.794	13.106
79.822	12.850
79.849	12.527
79.877	12.508
79.904	12.554
79.932	12.410
79.960	12.176
79.987	12.104
80.015	11.986
80.042	12.058
80.070	12.316
80.098	12.513
80.125	12.370
80.153	12.126
80.181	11.782
80.208	12.148
80.236	12.045
80.263	11.872
80.291	11.900
80.319	12.147
80.346	12.243
80.374	12.182
80.401	11.625
80.429	11.966
80.457	11.831
80.484	11.638
80.512	11.402
80.539	11.272
80.567	11.222
80.595	11.272
80.622	10.940
80.650	11.144
80.678	11.178
80.705	11.119
80.733	11.145
80.760	11.014
80.788	10.882
80.816	11.027
80.843	11.037
80.871	11.388
80.898	11.223
80.926	11.043
80.954	11.019
80.981	10.684
81.009	10.435
81.036	10.594
81.064	10.726
81.092	10.873
81.119	10.821
81.147	10.804
81.175	10.843
81.202	10.905
81.230	10.788
81.257	10.721
81.285	10.397
81.313	10.591
81.340	10.594
81.368	10.420
81.395	10.417
81.423	10.565
81.451	10.497
81.478	10.325
81.506	10.010
81.533	10.316
81.561	10.363
81.589	10.061
81.616	9.956
81.644	9.980
81.672	10.041
81.699	10.116
81.727	9.775
81.754	9.976
81.782	10.174
81.810	10.174
81.837	9.829
81.865	9.682
81.892	9.613
81.920	9.633
81.948	9.740
81.975	9.587
82.003	9.396
82.030	9.389
82.058	9.483
82.086	9.395
82.113	9.281
82.141	9.507
82.168	9.237
82.196	9.231
82.224	9.486
82.251	9.439
82.279	9.104
82.307	9.036
82.334	9.314
82.362	9.575
82.389	9.137
82.417	9.191
82.445	9.409
82.472	9.199
82.500	8.900
82.527	9.183
82.555	9.501
82.583	9.259
82.610	8.679
82.638	8.814
82.665	8.821
82.693	8.854
82.721	8.940
82.748	9.069
82.776	9.056
82.804	9.162
82.831	9.000
82.859	8.910
82.886	8.560
82.914	8.475
82.942	8.606
82.969	8.589
82.997	8.388
83.024	8.442
83.052	8.338
83.080	8.625
83.107	8.448
83.135	8.194
83.162	8.344
83.190	8.438
83.218	8.359
83.245	8.157
83.273	7.935
83.301	7.954
83.328	7.904
83.356	8.385
83.383	8.598
83.411	8.230
83.439	7.855
83.466	7.940
83.494	7.733
83.521	7.826
83.549	7.642
83.577	7.634
83.604	7.841
83.632	7.891
83.659	7.865
83.687	8.044
83.715	7.794
83.742	7.741
83.770	7.338
83.798	7.060
83.825	6.978
83.853	6.924
83.880	6.797
83.908	7.016
83.936	7.152
83.963	7.560
83.991	7.774
84.018	7.417
84.046	7.030
84.074	7.134
84.101	7.406
84.129	7.450
84.156	7.096
84.184	7.060
84.212	7.123
84.239	7.086
84.267	6.965
84.294	6.951
84.322	6.828
84.350	6.693
84.377	6.543
84.405	6.825
84.433	7.025
84.460	7.051
84.488	6.863
84.515	6.830
84.543	6.883
84.571	6.692
84.598	6.450
84.626	6.683
84.653	6.834
84.681	6.763
84.709	6.617
84.736	6.441
84.764	6.410
84.791	6.684
84.819	6.756
84.847	7.021
84.874	6.780
84.902	6.361
84.930	6.392
84.957	6.490
84.985	6.353
85.012	6.300
85.040	6.087
85.068	6.405
85.095	6.666
85.123	6.664
85.150	6.481
85.178	6.368
85.206	6.169
85.233	6.267
85.261	6.161
85.288	6.074
85.316	5.851
85.344	5.801
85.371	5.900
85.399	5.859
85.427	5.822
85.454	6.003
85.482	5.867
85.509	6.081
85.537	6.229
85.565	5.976
85.592	5.942
85.620	6.109
85.647	6.214
85.675	6.049
85.703	5.850
85.730	6.103
85.758	6.216
85.785	6.029
85.813	5.844
85.841	5.858
85.868	5.707
85.896	5.611
85.924	5.347
85.951	5.752
85.979	5.830
86.006	5.815
86.034	5.831
86.062	5.667
86.089	5.704
86.117	5.779
86.144	5.389
86.172	5.624
86.200	5.633
86.227	5.483
86.255	5.559
86.282	5.659
86.310	5.549
86.338	5.368
86.365	4.944
86.393	5.146
86.420	5.381
86.448	5.289
86.476	5.098
86.503	5.072
86.531	5.274
86.559	5.394
86.586	5.228
86.614	5.392
86.641	5.312
86.669	5.137
86.697	5.071
86.724	5.053
86.752	4.927
86.779	4.910
86.807	4.650
86.835	4.808
86.862	4.819
86.890	4.705
86.917	4.756
86.945	5.020
86.973	5.221
87.000	5.160
87.028	4.870
87.056	5.051
87.083	4.995
87.111	4.697
87.138	4.564
87.166	4.741
87.194	4.856
87.221	4.847
87.249	4.816
87.276	4.898
87.304	5.142
87.332	5.064
87.359	4.773
87.387	4.881
87.414	4.985
87.442	4.896
87.470	4.524
87.497	4.833
87.525	4.846
87.553	4.692
87.580	4.681
87.608	4.966
87.635	4.936
87.663	4.576
87.691	4.311
87.718	4.876
87.746	4.917
87.773	4.479
87.801	4.373
87.829	4.624
87.856	4.552
87.884	4.334
87.911	4.196
87.939	4.411
87.967	4.216
87.994	4.098
88.022	4.115
88.050	4.097
88.077	4.058
88.105	4.074
88.132	4.032
88.160	4.154
88.188	4.377
88.215	4.294
88.243	4.240
88.270	4.235
88.298	4.272
88.326	4.242
88.353	4.003
88.381	4.350
88.408	4.572
88.436	4.256
88.464	4.108
88.491	4.174
88.519	4.296
88.546	4.358
88.574	3.932
88.602	4.148
88.629	4.368
88.657	4.292
88.685	4.073
88.712	4.137
88.740	4.435
88.767	4.528
88.795	4.025
88.823	4.128
88.850	4.168
88.878	4.190
88.905	4.060
88.933	4.080
88.961	4.240
88.988	4.157
89.016	4.087
89.043	4.274
89.071	4.400
89.099	4.207
89.126	3.836
89.154	3.729
89.182	3.779
89.209	3.892
89.237	3.818
89.264	3.780
89.292	3.832
89.320	3.693
89.347	3.720
89.375	3.799
89.402	3.714
89.430	3.721
89.458	3.734
89.485	3.985
89.513	4.006
89.540	3.831
89.568	3.698
89.596	3.729
89.623	3.767
89.651	3.769
89.679	3.480
89.706	3.763
89.734	3.721
89.761	3.519
89.789	3.367
89.817	3.362
89.844	3.495
89.872	3.650
89.899	3.579
89.927	3.634
89.955	3.714
89.982	3.780
90.010	3.588
90.037	3.337
90.065	3.332
90.093	3.529
90.120	3.392
90.148	3.398
90.176	3.345
90.203	3.315
90.231	3.354
90.258	3.463
90.286	3.525
90.314	3.571
90.341	3.703
90.369	3.762
90.396	3.666
90.424	3.565
90.452	3.392
90.479	3.503
90.507	3.701
90.534	3.713
90.562	3.263
90.590	3.419
90.617	3.513
90.645	3.365
90.672	3.119
90.700	3.266
90.728	3.514
90.755	3.620
90.783	3.543
90.811	3.617
90.838	3.641
90.866	3.587
90.893	3.550
90.921	3.660
90.949	3.569
90.976	3.091
91.004	3.221
91.031	3.551
91.059	3.573
91.087	3.367
91.114	3.225
91.142	3.241
91.169	3.324
91.197	3.370
91.225	3.502
91.252	3.657
91.280	3.667
91.308	3.475
91.335	3.402
91.363	3.262
91.390	3.147
91.418	3.199
91.446	3.242
91.473	3.387
91.501	3.260
91.528	3.241
91.556	3.255
91.584	3.201
91.611	3.105
91.639	2.970
91.666	3.035
91.694	3.087
91.722	3.186
91.749	3.196
91.777	3.122
91.805	3.162
91.832	3.348
91.860	3.506
91.887	3.259
91.915	3.260
91.943	3.312
91.970	3.241
91.998	2.978
92.025	3.029
92.053	3.036
92.081	3.139
92.108	3.095
92.136	3.097
92.163	3.102
92.191	3.041
92.219	2.851
92.246	2.839
92.274	3.023
92.302	3.212
92.329	3.024
92.357	3.150
92.384	3.199
92.412	3.111
92.440	3.025
92.467	2.888
92.495	2.715
92.522	2.634
92.550	2.685
92.578	2.900
92.605	2.928
92.633	2.860
92.660	2.993
92.688	3.042
92.716	3.068
92.743	3.126
92.771	3.060
92.798	3.068
92.826	2.934
92.854	2.869
92.881	2.872
92.909	2.779
92.937	2.689
92.964	2.850
92.992	2.878
93.019	3.002
93.047	2.926
93.075	2.779
93.102	2.933
93.130	3.071
93.157	3.108
93.185	2.964
93.213	2.859
93.240	3.145
93.268	3.014
93.295	2.749
93.323	2.819
93.351	3.016
93.378	2.902
93.406	2.799
93.434	2.818
93.461	2.778
93.489	2.584
93.516	2.663
93.544	2.922
93.572	2.851
93.599	2.741
93.627	3.012
93.654	3.056
93.682	2.830
93.710	2.589
93.737	2.620
93.765	2.781
93.792	2.911
93.820	2.852
93.848	2.722
93.875	2.918
93.903	2.922
93.931	2.902
93.958	2.741
93.986	2.606
94.013	2.660
94.041	2.663
94.069	2.571
94.096	2.554
94.124	2.632
94.151	2.662
94.179	2.582
94.207	2.532
94.234	2.812
94.262	3.024
94.289	2.833
94.317	2.755
94.345	2.578
94.372	2.631
94.400	2.594
94.428	2.441
94.455	2.480
94.483	2.368
94.510	2.328
94.538	2.488
94.566	2.740
94.593	2.727
94.621	2.514
94.648	2.403
94.676	2.584
94.704	2.674
94.731	2.693
94.759	2.567
94.786	2.693
94.814	2.807
94.842	2.637
94.869	2.293
94.897	2.404
94.924	2.550
94.952	2.329
94.980	2.326
95.007	2.583
95.035	2.580
95.063	2.440
95.090	2.477
95.118	2.542
95.145	2.645
95.173	2.652
95.201	2.510
95.228	2.490
95.256	2.703
95.283	2.682
95.311	2.529
95.339	2.627
95.366	2.721
95.394	2.652
95.421	2.531
95.449	2.473
95.477	2.363
95.504	2.337
95.532	2.243
95.560	2.323
95.587	2.506
95.615	2.493
95.642	2.466
95.670	2.552
95.698	2.485
95.725	2.326
95.753	2.400
95.780	2.453
95.808	2.426
95.836	2.372
95.863	2.179
95.891	2.388
95.918	2.512
95.946	2.378
95.974	2.273
96.001	2.513
96.029	2.542
96.057	2.353
96.084	2.378
96.112	2.323
96.139	2.287
96.167	2.287
96.195	2.205
96.222	2.177
96.250	2.280
96.277	2.211
96.305	2.373
96.333	2.296
96.360	2.146
96.388	2.160
96.415	2.259
96.443	2.211
96.471	2.163
96.498	2.281
96.526	2.354
96.554	2.311
96.581	2.356
96.609	2.479
96.636	2.699
96.664	2.755
96.692	2.483
96.719	2.267
96.747	2.104
96.774	2.159
96.802	2.091
96.830	2.071
96.857	2.179
96.885	2.273
96.912	2.326
96.940	2.510
96.968	2.505
96.995	2.515
97.023	2.398
97.050	2.287
97.078	2.190
97.106	2.075
97.133	2.000
97.161	2.115
97.189	2.135
97.216	2.396
97.244	2.370
97.271	2.225
97.299	2.259
97.327	2.325
97.354	2.300
97.382	2.381
97.409	2.396
97.437	2.203
97.465	2.109
97.492	2.182
97.520	2.291
97.547	2.218
97.575	2.188
97.603	2.200
97.630	2.137
97.658	1.936
97.686	2.075
97.713	2.402
97.741	2.433
97.768	2.256
97.796	2.215
97.824	2.198
97.851	2.294
97.879	2.332
97.906	2.323
97.934	2.257
97.962	2.311
97.989	2.228
98.017	2.157
98.044	2.178
98.072	2.324
98.100	2.557
98.127	2.385
98.155	2.236
98.183	2.270
98.210	2.200
98.238	2.061
98.265	2.030
98.293	2.110
98.321	1.867
98.348	1.911
98.376	2.157
98.403	2.270
98.431	2.277
98.459	2.376
98.486	2.407
98.514	2.275
98.541	2.307
98.569	2.328
98.597	2.140
98.624	1.843
98.652	1.895
98.679	2.128
98.707	2.128
98.735	1.850
98.762	1.869
98.790	1.843
98.818	1.738
98.845	1.659
98.873	1.721
98.900	1.899
98.928	1.977
98.956	1.986
98.983	1.931
99.011	1.887
99.038	1.758
99.066	1.691
99.094	1.670
99.121	1.825
99.149	2.080
99.176	2.147
99.204	2.147
99.232	2.155
99.259	2.135
99.287	2.098
99.315	2.054
99.342	1.941
99.370	1.844
99.397	1.811
99.425	1.978
99.453	2.010
99.480	2.052
99.508	2.120
99.535	2.003
99.563	1.786
99.591	1.762
99.618	1.628
99.646	1.639
99.673	1.714
99.701	1.690
99.729	1.611
99.756	1.649
99.784	1.814
99.812	1.939
99.839	1.926
99.867	1.867
99.894	1.750
99.922	1.733
99.950	1.676
99.977	1.712
100.005	1.910
100.032	1.910
100.060	1.747
100.088	1.781
100.115	1.777
100.143	1.731
100.170	1.598
100.198	1.637
