185.255	-14.44
185.731	-14.44
186.207	-14.44
186.683	-58.91
187.159	-48.84
187.635	-73.42
188.111	-69.44
188.587	-78.1
189.062	-75.29
189.538	-45.57
190.014	-51.89
190.489	-26.61
190.965	1.95
191.44	-11.63
191.915	9.9
192.391	26.29
192.866	41.27
193.341	62.8
193.816	71.23
194.291	103.06
194.766	115.46
195.241	133.95
195.716	141.68
196.191	170.23
196.666	172.8
197.141	174.44
197.615	194.57
198.09	217.27
198.564	200.89
199.039	235.06
199.513	256.83
199.988	268.53
200.462	255.89
200.936	276.96
201.41	294.04
201.884	294.28
202.358	307.85
202.832	286.32
203.306	286.79
203.78	278.36
204.254	323.77
204.728	288.19
205.201	294.51
205.675	296.62
206.148	316.51
206.622	299.43
207.095	308.79
207.569	329.39
208.042	315.34
208.515	298.49
208.988	293.58
209.461	287.49
209.935	319.79
210.408	300.6
210.88	289.83
211.353	296.62
211.826	288.9
212.299	295.68
212.772	289.6
213.244	300.6
213.717	283.51
214.189	278.83
214.662	306.92
215.134	290.07
215.606	294.51
216.079	291.47
216.551	286.09
217.023	288.9
217.495	291.94
217.967	300.13
218.439	290.53
218.911	278.36
219.383	273.92
219.855	276.26
220.326	300.13
220.798	287.26
221.27	277.89
221.741	281.41
222.213	281.64
222.684	283.28
223.155	276.96
223.627	285.85
224.098	282.11
224.569	281.17
225.04	292.17
225.511	297.56
225.982	289.83
226.453	285.38
226.924	288.43
227.395	285.38
227.865	281.64
228.336	279.3
228.807	300.6
229.277	288.19
229.748	289.13
230.218	307.15
230.689	279.53
231.159	290.3
231.629	286.55
232.099	297.56
232.57	297.09
233.04	296.85
233.51	288.43
233.98	294.28
234.449	303.87
234.919	291.47
235.389	282.81
235.859	305.04
236.328	299.66
236.798	294.51
237.267	284.68
237.737	301.07
238.206	289.6
238.676	308.56
239.145	306.22
239.614	279.77
240.083	275.55
240.552	277.89
241.021	300.13
241.49	288.43
241.959	290.07
242.428	297.79
242.897	281.41
243.366	299.43
243.834	289.36
244.303	300.83
244.771	309.26
245.24	287.02
245.708	276.72
246.177	297.32
246.645	273.92
247.113	265.26
247.581	292.17
248.05	291.94
248.518	289.83
248.986	302.24
249.454	296.62
249.921	284.45
250.389	324
250.857	298.26
251.325	309.49
251.792	292.17
252.26	300.36
252.727	308.32
253.195	312.53
253.662	285.38
254.13	304.11
254.597	310.9
255.064	291.94
255.531	316.75
255.998	297.32
256.465	291.7
256.932	303.64
257.399	305.28
257.866	285.85
258.333	282.34
258.799	296.38
259.266	317.45
259.733	323.77
260.199	325.88
260.666	287.02
261.132	291.7
261.599	307.15
262.065	288.19
262.531	314.17
262.997	309.49
263.463	293.11
263.929	324.24
264.395	310.66
264.861	294.04
265.327	306.45
265.793	303.64
266.259	305.51
266.724	305.28
267.19	313
267.656	305.51
268.121	298.26
268.586	304.81
269.052	296.15
269.517	308.56
269.982	315.11
270.448	305.98
270.913	321.9
271.378	316.51
271.843	302.7
272.308	298.26
272.773	317.22
273.238	320.02
273.702	316.05
274.167	321.19
274.632	319.32
275.096	303.64
275.561	319.56
276.025	305.04
276.49	291.7
276.954	301.07
277.418	322.36
277.882	315.81
278.347	308.79
278.811	329.62
279.275	316.75
279.739	322.83
280.203	311.6
280.667	311.13
281.13	293.11
281.594	316.28
282.058	302.24
282.521	287.02
282.985	310.9
283.448	318.62
283.912	290.07
284.375	306.68
284.839	305.28
285.302	325.41
285.765	300.13
286.228	312.77
286.691	318.39
287.154	300.13
287.617	312.07
288.08	314.17
288.543	313.24
289.006	309.02
289.468	334.07
289.931	325.17
290.393	311.83
290.856	316.28
291.318	309.96
291.781	321.43
292.243	294.28
292.705	311.13
293.168	302.47
293.63	339.68
294.092	305.28
294.554	311.6
295.016	299.19
295.478	323.07
295.94	340.62
296.402	289.13
296.863	306.92
297.325	327.51
297.787	315.58
298.248	322.36
298.71	313.94
299.171	302.94
299.632	296.38
300.094	319.79
300.555	323.77
301.016	327.51
301.477	333.83
301.938	329.15
302.399	316.28
302.86	325.88
303.321	339.45
303.782	331.26
304.243	301.53
304.703	308.56
305.164	315.11
305.625	322.83
306.085	310.19
306.546	326.81
307.006	294.51
307.466	293.81
307.927	302.94
308.387	310.19
308.847	318.15
309.307	341.56
309.767	338.51
310.227	324.47
310.687	328.68
311.147	324.94
311.606	315.81
312.066	329.62
312.526	330.79
312.985	327.51
313.445	332.2
313.905	338.28
314.364	336.41
314.823	317.68
315.283	330.56
315.742	307.15
316.201	316.05
316.66	318.62
317.119	319.79
317.578	305.51
318.037	304.11
318.496	311.36
318.955	310.19
319.414	333.37
319.872	318.39
320.331	327.28
320.789	322.13
321.248	328.45
321.706	316.51
322.165	328.45
322.623	330.56
323.081	319.56
323.54	351.62
323.998	321.9
324.456	338.75
324.914	308.32
325.372	320.26
325.83	287.96
326.288	325.41
326.745	316.98
327.203	311.6
327.661	316.98
328.118	317.22
328.576	320.96
329.033	334.07
329.491	346.94
329.948	328.92
330.405	337.58
330.863	314.88
331.32	320.26
331.777	327.05
332.234	328.22
332.691	298.26
333.148	324.47
333.605	307.62
334.062	316.05
334.518	320.96
334.975	321.66
335.432	324.47
335.888	322.6
336.345	338.51
336.801	334.54
337.258	320.26
337.714	329.39
338.17	322.6
338.626	323.77
339.083	309.49
339.539	349.75
339.995	328.92
340.451	321.19
340.906	321.19
341.362	320.73
341.818	350.69
342.274	335.71
342.729	338.28
343.185	320.73
343.641	331.26
344.096	325.17
344.552	332.43
345.007	324.71
345.462	325.64
345.917	313.24
346.373	327.51
346.828	323.07
347.283	307.39
347.738	324
348.193	323.07
348.648	317.45
349.102	320.26
349.557	339.68
350.012	340.15
350.466	333.13
350.921	341.56
351.375	322.13
351.83	316.28
352.284	309.73
352.739	331.02
353.193	324.71
353.647	325.41
354.101	320.02
354.555	328.45
355.009	323.77
355.463	329.39
355.917	331.73
356.371	319.56
356.825	330.56
357.279	338.51
357.732	330.56
358.186	323.77
358.639	312.3
359.093	350.45
359.546	320.26
360	338.05
360.453	345.07
360.906	323.77
361.359	320.73
361.812	325.17
362.265	313
362.718	319.56
363.171	361.69
363.624	327.28
364.077	324
364.53	344.83
364.982	327.28
365.435	332.66
365.888	344.83
366.34	329.85
366.793	324
367.245	322.6
367.697	324
368.15	348.34
368.602	330.32
369.054	312.77
369.506	349.28
369.958	357
370.41	324.47
370.862	319.79
371.314	333.13
371.766	311.36
372.217	322.83
372.669	330.09
373.121	323.3
373.572	320.26
374.024	331.02
374.475	332.66
374.926	340.15
375.378	320.73
375.829	332.2
376.28	308.56
376.731	335.24
377.182	330.09
377.633	313.7
378.084	323.77
378.535	335.71
378.986	333.13
379.437	327.98
379.887	312.53
380.338	337.34
380.788	327.05
381.239	347.64
381.689	332.66
382.14	342.73
382.59	333.37
383.04	322.6
383.491	342.73
383.941	339.22
384.391	348.11
384.841	314.64
385.291	331.26
385.741	328.92
386.191	325.41
386.64	340.62
387.09	325.41
387.54	337.81
387.989	342.73
388.439	341.09
388.888	324.47
389.338	333.13
389.787	333.83
390.236	331.73
390.686	319.09
391.135	338.28
391.584	339.22
392.033	352.09
392.482	319.79
392.931	317.92
393.38	321.9
393.829	314.17
394.277	318.39
394.726	325.64
395.175	336.41
395.623	315.81
396.072	335.94
396.52	340.62
396.969	339.92
397.417	315.11
397.865	351.15
398.313	334.77
398.762	322.13
399.21	336.17
399.658	351.62
400.106	324.47
400.554	305.98
401.001	322.6
401.449	324.24
401.897	340.39
402.345	332.43
402.792	313.7
403.24	312.3
403.687	311.6
404.135	335
404.582	325.64
405.029	327.28
405.477	344.6
405.924	337.34
406.371	325.17
406.818	305.75
407.265	338.98
407.712	321.66
408.159	327.51
408.606	342.03
409.052	322.83
409.499	333.13
409.946	595.74
410.392	347.88
410.839	333.6
411.285	325.41
411.732	334.3
412.178	335
412.624	346.94
413.07	302.7
413.517	335.71
413.963	328.22
414.409	325.41
414.855	343.66
415.301	335.24
415.746	326.11
416.192	347.41
416.638	347.64
417.084	311.83
417.529	359.58
417.975	338.51
418.42	354.43
418.866	335.71
419.311	341.56
419.756	337.81
420.202	334.77
420.647	349.52
421.092	327.28
421.537	316.28
421.982	328.45
422.427	320.96
422.872	312.3
423.317	331.02
423.762	338.28
424.206	337.58
424.651	346.24
425.095	323.77
425.54	317.92
425.984	324.71
426.429	324.94
426.873	353.49
427.317	341.09
427.762	337.58
428.206	325.64
428.65	333.13
429.094	352.56
429.538	337.58
429.982	320.96
430.426	345.77
430.87	332.43
431.313	337.58
431.757	315.34
432.201	352.09
432.644	353.03
433.088	346.94
433.531	341.56
433.974	336.41
434.418	342.73
434.861	343.9
435.304	339.68
435.747	337.34
436.19	344.6
436.633	334.54
437.076	361.69
437.519	347.64
437.962	353.96
438.405	344.37
438.848	346.71
439.29	334.77
439.733	320.49
440.175	334.77
440.618	324.71
441.06	338.98
441.503	342.96
441.945	335.94
442.387	342.49
442.829	344.6
443.271	341.32
443.713	327.75
444.155	316.28
444.597	358.41
445.039	347.64
445.481	340.86
445.923	324
446.364	327.98
446.806	325.17
447.248	341.32
447.689	343.2
448.131	324.24
448.572	321.43
449.013	337.34
449.455	340.62
449.896	345.07
450.337	337.11
450.778	334.3
451.219	339.92
451.66	331.26
452.101	347.88
452.542	338.98
452.983	356.3
453.423	331.49
453.864	348.34
454.305	330.09
454.745	345.07
455.186	332.9
455.626	351.15
456.066	356.07
456.507	343.66
456.947	332.2
457.387	357.71
457.827	350.92
458.267	343.66
458.707	356.3
459.147	341.56
459.587	328.68
460.027	327.75
460.467	331.49
460.906	367.77
461.346	331.02
461.786	366.84
462.225	326.11
462.664	354.43
463.104	351.39
463.543	349.52
463.982	339.68
464.422	357.94
464.861	334.07
465.3	350.92
465.739	363.32
466.178	349.98
466.617	338.51
467.056	368.47
467.495	360.52
467.933	357.24
468.372	359.81
468.811	346.24
469.249	356.07
469.688	359.35
470.126	353.49
470.564	368.47
471.003	360.75
471.441	348.81
471.879	347.17
472.317	378.07
472.755	373.86
473.193	367.77
473.631	363.32
474.069	392.58
474.507	387.9
474.945	380.41
475.382	389.54
475.82	392.11
476.258	378.77
476.695	397.26
477.133	407.79
477.57	431.43
478.007	468.65
478.445	559.93
478.882	859.05
479.319	1422.88
479.756	2065.36
480.193	2630.84
480.63	3200.76
481.067	3821
481.504	4514.03
481.941	5523.5
482.378	6393.48
482.814	7184.35
483.251	8148.88
483.687	9790.77
484.124	11652.43
484.56	13571.9
484.997	16083.3
485.433	18691.36
485.869	21740.37
486.306	25892.02
486.742	29970.63
487.178	31971.79
487.614	32989.46
488.05	32590.39
488.486	31511.17
488.922	30712.11
489.357	30875.25
489.793	29307.56
490.229	27418.75
490.664	26292.72
491.1	24812.79
491.535	21898.83
491.971	18618.57
492.406	18048.41
492.841	17137.01
493.277	15308.58
493.712	11634.64
494.147	6699.39
494.582	3004.38
495.017	1322.24
495.452	735.24
495.887	540.5
496.322	549.63
496.756	432.37
497.191	422.07
497.626	420.9
498.06	418.33
498.495	414.11
498.929	415.99
499.364	386.73
499.798	379.24
500.232	377.84
500.667	389.3
501.101	381.81
501.535	375.73
501.969	374.09
502.403	380.18
502.837	362.15
503.271	373.62
503.704	353.96
504.138	372.45
504.572	370.11
505.005	373.86
505.439	344.13
505.872	346
506.306	358.88
506.739	342.96
507.173	354.2
507.606	344.83
508.039	374.79
508.472	355.37
508.905	349.28
509.338	336.64
509.771	349.28
510.204	367.54
510.637	356.3
511.07	363.32
511.502	361.45
511.935	378.3
512.368	352.79
512.8	349.52
513.233	366.37
513.665	352.32
514.097	354.9
514.53	359.58
514.962	348.81
515.394	350.69
515.826	335.94
516.258	352.09
516.69	350.22
517.122	357.47
517.554	333.13
517.986	341.32
518.418	338.98
518.849	343.66
519.281	347.64
519.713	358.88
520.144	340.62
520.575	366.84
521.007	355.13
521.438	336.41
521.869	358.18
522.301	360.05
522.732	340.86
523.163	349.98
523.594	347.41
524.025	338.05
524.456	338.51
524.887	351.39
525.317	341.32
525.748	344.83
526.179	338.75
526.609	363.09
527.04	368.47
527.471	345.77
527.901	345.54
528.331	349.75
528.762	351.62
529.192	348.34
529.622	332.9
530.052	369.64
530.482	336.41
530.912	357.47
531.342	343.2
531.772	357.24
532.202	362.39
532.632	347.41
533.061	343.43
533.491	328.45
533.921	355.83
534.35	342.73
534.78	345.3
535.209	334.3
535.638	358.41
536.068	333.83
536.497	345.54
536.926	336.88
537.355	361.45
537.784	330.32
538.213	346.47
538.642	354.2
539.071	332.66
539.5	333.83
539.929	315.11
540.357	322.6
540.786	331.02
541.214	329.62
541.643	326.34
542.071	341.56
542.5	326.81
542.928	325.41
543.356	332.66
543.785	330.56
544.213	353.73
544.641	325.64
545.069	339.45
545.497	350.22
545.925	317.22
546.353	340.15
546.78	329.85
547.208	353.96
547.636	343.66
548.063	306.68
548.491	344.37
548.918	352.79
549.346	319.32
549.773	317.92
550.201	342.03
550.628	337.34
551.055	339.68
551.482	349.28
551.909	338.75
552.336	326.11
552.763	321.9
553.19	323.77
553.617	331.96
554.044	337.34
554.47	363.56
554.897	346.94
555.324	326.58
555.75	350.69
556.177	338.05
556.603	334.77
557.029	336.17
557.456	350.69
557.882	347.88
558.308	350.22
558.734	337.81
559.16	342.26
559.586	331.73
560.012	349.28
560.438	327.28
560.864	347.41
561.289	331.26
561.715	344.83
562.141	340.39
562.566	309.26
562.992	318.39
563.417	341.09
563.843	335
564.268	318.15
564.693	314.88
565.118	306.68
565.544	343.9
565.969	338.51
566.394	337.34
566.819	346.71
567.244	326.58
567.668	327.05
568.093	329.62
568.518	339.68
568.943	345.07
569.367	327.28
569.792	349.52
570.216	324.94
570.641	322.13
571.065	358.18
571.489	338.28
571.914	331.26
572.338	336.64
572.762	325.41
573.186	322.36
573.61	337.11
574.034	337.81
574.458	324
574.882	322.83
575.306	345.07
575.729	346.94
576.153	333.13
576.576	336.64
577	344.83
577.423	338.51
577.847	335.94
578.27	317.45
578.694	309.73
579.117	340.62
579.54	308.79
579.963	332.2
580.386	340.39
580.809	323.54
581.232	319.79
581.655	319.09
582.078	331.96
582.5	331.26
582.923	324.24
583.346	316.98
583.768	346.94
584.191	341.32
584.613	335.24
585.036	334.54
585.458	335
585.88	330.79
586.302	314.17
586.725	329.62
587.147	335.24
587.569	328.22
587.991	339.92
588.413	333.6
588.834	324.47
589.256	335.47
589.678	324
590.1	327.75
590.521	322.13
590.943	326.34
591.364	330.79
591.786	329.15
592.207	351.39
592.628	316.28
593.05	305.75
593.471	343.66
593.892	314.88
594.313	337.11
594.734	343.2
595.155	327.75
595.576	320.73
595.997	352.09
596.418	337.11
596.838	326.58
597.259	324.24
597.68	336.64
598.1	342.96
598.521	341.79
598.941	340.86
599.361	316.28
599.782	337.58
600.202	329.39
600.622	336.17
601.042	341.56
601.462	327.75
601.882	348.11
602.302	335
602.722	342.26
603.142	337.81
603.562	336.88
603.981	345.3
604.401	317.45
604.821	331.26
605.24	338.28
605.66	330.79
606.079	337.58
606.498	316.05
606.918	330.32
607.337	336.88
607.756	314.17
608.175	320.02
608.594	322.83
609.013	356.07
609.432	316.51
609.851	318.85
610.27	331.49
610.688	326.34
611.107	315.11
611.526	320.96
611.944	337.34
612.363	325.17
612.781	328.45
613.2	320.73
613.618	335.24
614.036	339.68
614.454	326.58
614.872	316.05
615.291	333.83
615.709	334.77
616.127	322.36
616.544	335.24
616.962	335.94
617.38	348.58
617.798	347.64
618.215	334.3
618.633	335.24
619.051	322.6
619.468	320.73
619.886	341.56
620.303	338.75
620.72	325.88
621.137	316.05
621.555	325.41
621.972	336.88
622.389	321.19
622.806	330.09
623.223	318.62
623.64	342.73
624.056	366.84
624.473	343.66
624.89	346.94
625.307	325.88
625.723	335.94
626.14	332.9
626.556	350.92
626.973	319.32
627.389	339.45
627.805	302.94
628.221	334.3
628.638	320.96
629.054	336.17
629.47	319.32
629.886	332.66
630.302	340.39
630.718	344.6
631.133	309.49
631.549	349.98
631.965	346.71
632.38	337.81
632.796	329.85
633.212	348.81
633.627	323.54
634.042	337.34
634.458	328.22
634.873	348.81
635.288	331.26
635.703	318.39
636.118	356.77
636.534	332.2
636.948	355.37
637.363	360.28
637.778	329.15
638.193	336.88
638.608	351.86
639.022	327.51
639.437	333.13
639.852	338.75
640.266	315.58
640.681	356.77
641.095	322.6
641.509	326.81
641.924	327.05
642.338	353.96
642.752	337.58
643.166	337.34
643.58	337.81
643.994	323.77
644.408	340.15
644.822	328.92
645.235	336.41
645.649	344.83
646.063	331.26
646.476	323.54
646.89	355.37
647.303	322.6
647.717	325.64
648.13	328.68
648.544	334.54
648.957	314.88
649.37	342.26
649.783	330.09
650.196	318.85
650.609	329.39
651.022	340.86
651.435	332.2
651.848	320.49
652.261	334.07
652.673	347.88
653.086	331.96
653.499	316.28
653.911	326.11
654.324	335.47
654.736	348.11
655.148	325.64
655.561	323.07
655.973	328.68
656.385	314.64
656.797	324.94
657.209	342.96
657.621	316.98
658.033	327.05
658.445	327.51
658.857	325.88
659.269	316.05
659.68	313.24
660.092	320.02
660.503	343.2
660.915	335
661.326	311.36
661.738	320.26
662.149	337.58
662.56	331.26
662.972	326.34
663.383	350.22
663.794	342.96
664.205	321.9
664.616	327.75
665.027	350.69
665.438	329.62
665.848	334.07
666.259	337.58
666.67	349.05
667.08	315.11
667.491	326.11
667.902	329.85
668.312	328.68
668.722	322.6
669.133	315.11
669.543	320.02
669.953	324
670.363	316.05
670.773	315.34
671.183	329.62
671.593	345.07
672.003	331.73
672.413	355.13
672.823	333.6
673.233	332.9
673.642	334.07
674.052	322.13
674.461	329.62
674.871	343.2
675.28	320.96
675.69	327.28
676.099	314.17
676.508	329.62
676.917	344.37
677.327	328.92
677.736	336.64
678.145	318.85
678.554	319.32
678.962	329.85
679.371	331.73
679.78	341.56
680.189	341.56
680.597	316.28
681.006	326.58
681.415	342.26
681.823	326.81
682.231	330.09
682.64	320.02
683.048	346.94
683.456	346.71
683.865	328.68
684.273	348.81
684.681	324.71
685.089	318.15
685.497	341.79
685.905	314.17
686.312	328.22
686.72	331.73
687.128	326.34
687.535	325.88
687.943	356.77
688.351	350.22
688.758	322.6
689.165	336.88
689.573	340.62
689.98	330.79
690.387	323.07
690.794	312.77
691.201	336.64
691.609	328.22
692.016	336.41
692.422	339.45
692.829	323.54
693.236	329.39
693.643	332.66
694.05	329.62
694.456	321.43
694.863	305.75
695.269	329.62
695.676	335.24
696.082	362.15
696.488	325.64
696.895	333.83
697.301	315.34
697.707	300.36
698.113	318.39
698.519	334.3
698.925	322.6
699.331	327.75
699.737	339.45
700.143	339.45
700.548	319.56
700.954	323.07
701.36	337.81
701.765	339.22
702.171	382.75
702.576	317.45
702.982	338.75
703.387	329.85
703.792	347.41
704.197	329.85
704.603	322.6
705.008	317.45
705.413	331.49
705.818	335.94
706.222	331.26
706.627	331.26
707.032	326.11
707.437	333.83
707.841	336.17
708.246	305.98
708.651	321.9
709.055	329.85
709.46	339.45
709.864	325.17
710.268	315.58
710.672	314.88
711.077	319.32
711.481	322.6
711.885	312.07
712.289	325.64
712.693	339.68
713.097	340.15
713.501	327.28
713.904	339.68
714.308	308.09
714.712	309.96
715.115	343.2
715.519	332.9
715.922	365.43
716.326	331.02
716.729	332.9
717.132	317.22
717.536	323.54
717.939	346.47
718.342	316.51
718.745	332.66
719.148	309.49
719.551	328.22
719.954	332.43
720.357	316.28
720.759	340.15
721.162	343.66
721.565	339.45
721.967	339.22
722.37	324.47
722.772	334.54
723.175	344.13
723.577	341.56
723.979	338.05
724.381	299.9
724.784	335.24
725.186	332.2
725.588	336.41
725.99	326.58
726.392	325.64
726.794	339.68
727.195	322.6
727.597	330.09
727.999	334.07
728.4	329.39
728.802	320.73
729.204	317.45
729.605	325.88
730.006	333.13
730.408	328.68
730.809	342.49
731.21	338.75
731.611	343.66
732.012	339.45
732.414	333.37
732.814	328.22
733.215	319.79
733.616	332.9
734.017	329.15
734.418	342.96
734.818	343.66
735.219	331.26
735.62	332.2
736.02	340.39
736.421	330.09
736.821	317.68
737.221	339.92
737.622	339.22
738.022	336.17
738.422	325.41
738.822	338.51
739.222	331.73
739.622	316.05
740.022	343.9
740.422	333.13
740.822	329.15
741.221	331.96
741.621	324.24
742.021	328.92
742.42	331.73
742.82	340.62
743.219	349.28
743.618	318.62
744.018	328.22
744.417	322.36
744.816	335.94
745.215	324.94
745.614	335.94
746.013	334.54
746.412	327.28
746.811	339.45
747.21	358.88
747.609	324.47
748.008	331.96
748.406	329.39
748.805	335.71
749.203	317.68
749.602	310.19
750	329.62
750.399	307.39
750.797	317.92
751.195	324.47
751.593	323.3
751.992	336.64
752.39	313
752.788	325.88
753.186	322.6
753.583	319.09
753.981	320.49
754.379	340.15
754.777	311.6
755.174	315.81
755.572	332.9
755.97	316.28
756.367	318.15
756.764	329.85
757.162	339.68
757.559	341.56
757.956	331.96
758.354	303.17
758.751	323.3
759.148	343.9
759.545	306.22
759.942	322.83
760.339	342.49
760.735	357
761.132	327.28
761.529	338.51
761.925	338.75
762.322	328.92
762.719	331.96
763.115	332.43
763.511	334.54
763.908	327.98
764.304	331.02
764.7	290.53
765.097	308.79
765.493	335.71
765.889	318.62
766.285	317.68
766.681	322.13
767.076	319.09
767.472	333.6
767.868	300.6
768.264	340.39
768.659	326.11
769.055	303.17
769.45	324
769.846	332.9
770.241	336.64
770.637	326.11
771.032	313.24
771.427	325.17
771.822	329.15
772.217	317.68
772.612	341.79
773.007	317.22
773.402	325.17
773.797	302.24
774.192	314.88
774.587	313.47
774.981	310.66
775.376	327.51
775.771	323.77
776.165	340.62
776.56	323.77
776.954	326.81
777.348	305.98
777.743	338.05
778.137	325.64
778.531	336.17
778.925	341.32
779.319	327.28
779.713	332.2
780.107	337.58
780.501	333.37
780.895	336.64
781.288	316.51
781.682	341.32
782.076	333.13
782.469	350.22
782.863	319.09
783.256	341.09
783.65	335.47
784.043	325.64
784.436	341.56
784.829	326.11
785.223	314.88
785.616	336.64
786.009	324.71
786.402	319.79
786.795	322.6
787.187	326.34
787.58	357
787.973	305.75
788.366	331.02
788.758	309.73
789.151	337.34
789.543	339.92
789.936	335.94
790.328	327.05
790.72	319.32
791.113	337.34
791.505	321.19
791.897	306.45
792.289	317.92
792.681	333.6
793.073	292.41
793.465	321.9
793.857	316.28
794.249	327.75
794.64	328.45
795.032	334.3
795.424	316.75
795.815	327.28
796.207	335.24
796.598	307.39
796.989	324.71
797.381	320.49
797.772	319.79
798.163	332.66
798.554	320.96
798.945	331.26
799.336	335.47
799.727	299.9
800.118	333.83
800.509	327.28
800.9	313.7
801.291	313.24
801.681	317.22
802.072	313.24
802.462	323.77
802.853	342.26
803.243	309.73
803.634	340.39
804.024	329.15
804.414	329.15
804.804	334.07
805.195	315.81
805.585	322.13
805.975	321.66
806.365	327.75
806.755	315.34
807.144	328.92
807.534	315.11
807.924	324.71
808.314	320.96
808.703	325.88
809.093	346.47
809.482	336.17
809.872	315.34
810.261	353.03
810.65	317.22
811.039	305.28
811.429	319.32
811.818	353.03
812.207	312.3
812.596	331.73
812.985	329.62
813.374	353.96
813.762	325.88
814.151	338.28
814.54	321.66
814.929	341.32
815.317	323.54
815.706	315.11
816.094	314.88
816.483	342.96
816.871	341.09
817.259	305.04
817.648	336.17
818.036	325.41
818.424	324.94
818.812	337.81
819.2	324.47
819.588	327.28
819.976	342.96
820.364	310.9
820.751	306.45
821.139	344.6
821.527	322.36
821.914	337.34
822.302	331.49
822.689	327.28
823.077	349.05
823.464	305.98
823.851	328.68
824.238	311.6
824.626	309.49
825.013	335.71
825.4	306.68
825.787	315.34
826.174	328.22
826.561	337.11
826.947	333.83
827.334	312.77
827.721	348.58
828.108	307.39
828.494	338.28
828.881	303.17
829.267	309.96
829.654	321.19
830.04	311.83
830.426	346.71
830.812	309.73
831.199	318.39
831.585	337.81
831.971	336.17
832.357	312.53
832.743	314.88
833.129	346.94
833.514	324.71
833.9	319.32
834.286	319.32
834.671	313.94
835.057	345.77
835.443	339.92
835.828	318.15
836.213	324.94
836.599	334.77
836.984	353.49
837.369	318.15
837.754	326.34
838.139	303.87
838.525	311.36
838.91	331.49
839.294	315.58
839.679	328.45
840.064	353.73
840.449	336.17
840.834	314.17
841.218	327.05
841.603	305.51
841.987	343.43
842.372	329.15
842.756	333.13
843.14	336.88
843.525	320.26
843.909	323.3
844.293	309.26
844.677	342.26
845.061	327.98
845.445	338.05
845.829	316.51
846.213	352.79
846.597	325.17
846.981	323.07
847.364	316.75
847.748	310.66
848.132	305.75
848.515	318.85
848.898	313.47
849.282	336.17
849.665	328.92
850.048	317.45
850.432	345.07
850.815	338.05
851.198	314.41
851.581	341.09
851.964	319.56
852.347	334.54
852.73	342.03
853.113	354.2
853.495	314.41
853.878	332.9
854.261	327.51
854.643	308.32
855.026	323.07
855.408	318.15
855.791	322.36
856.173	320.96
856.555	327.98
856.937	322.6
857.32	333.6
857.702	322.36
858.084	316.98
858.466	324.47
858.848	328.45
859.229	315.58
859.611	331.96
859.993	329.15
860.375	326.81
860.756	320.49
861.138	329.39
861.519	324.24
861.901	322.36
862.282	322.13
862.663	318.15
863.045	317.68
863.426	313.47
863.807	314.41
864.188	300.83
864.569	313.24
864.95	325.17
865.331	333.37
865.712	329.85
866.093	313.94
866.474	323.77
866.854	318.39
867.235	330.79
867.615	329.39
867.996	319.56
868.376	338.98
868.757	329.39
869.137	330.56
869.517	319.79
869.898	323.54
870.278	326.11
870.658	330.56
871.038	320.49
871.418	310.66
871.798	322.6
872.178	332.66
872.557	333.6
872.937	361.45
873.317	320.96
873.696	320.26
874.076	320.26
874.455	294.28
874.835	330.56
875.214	332.9
875.594	316.28
875.973	316.28
876.352	341.79
876.731	339.45
877.11	328.92
877.489	316.98
877.868	306.92
878.247	330.09
878.626	353.03
879.005	312.53
879.384	344.6
879.762	325.64
880.141	325.17
880.519	328.45
880.898	335
881.276	325.64
881.655	332.66
882.033	309.96
882.411	328.45
882.79	323.3
883.168	329.85
883.546	298.96
883.924	331.26
884.302	317.92
884.68	321.43
885.058	315.58
885.435	318.15
885.813	328.92
886.191	342.26
886.568	338.05
886.946	312.53
887.323	327.98
887.701	312.07
888.078	334.3
888.456	336.88
888.833	328.22
889.21	318.62
889.587	325.17
889.964	316.28
890.341	322.13
890.718	320.49
891.095	321.43
891.472	328.22
891.849	301.3
892.226	293.34
892.602	325.88
892.979	308.79
893.355	300.6
893.732	339.45
894.108	331.26
894.485	340.62
894.861	318.85
895.237	329.85
895.614	334.77
895.99	316.98
896.366	332.43
896.742	325.64
897.118	331.96
897.494	317.92
897.87	328.92
898.245	340.86
898.621	303.41
898.997	321.9
899.372	317.22
899.748	337.34
900.123	323.3
900.499	320.96
900.874	313
901.25	335.47
901.625	317.45
902	321.9
902.375	311.6
902.75	321.66
903.125	329.85
903.5	325.17
903.875	341.79
904.25	315.81
904.625	327.28
905	319.79
905.374	313.47
905.749	335
906.123	336.41
906.498	335
906.872	323.3
907.247	324.24
907.621	332.43
907.995	312.3
908.37	320.96
908.744	329.85
909.118	316.28
909.492	307.39
909.866	319.32
910.24	304.11
910.614	327.05
910.987	343.9
911.361	318.62
911.735	315.34
912.108	332.2
912.482	332.2
912.855	304.34
913.229	322.83
913.602	321.43
913.976	318.85
914.349	315.58
914.722	335.47
915.095	317.68
915.468	348.11
915.841	329.15
916.214	331.49
916.587	331.26
916.96	327.75
917.333	310.43
917.706	350.92
918.078	321.19
918.451	322.36
918.823	327.51
919.196	305.75
919.568	329.85
919.941	338.75
920.313	323.3
920.685	316.28
921.058	324
921.43	325.17
921.802	300.36
922.174	301.3
922.546	313.24
922.918	314.41
923.29	340.39
923.661	311.83
924.033	304.81
924.405	323.07
924.776	338.28
925.148	322.36
925.52	315.34
925.891	332.2
926.262	327.51
926.634	316.05
927.005	325.17
927.376	322.36
927.747	333.6
928.118	315.34
928.489	316.05
928.86	328.92
929.231	319.79
929.602	320.02
929.973	320.02
930.344	309.49
930.714	327.28
931.085	333.6
931.456	321.19
931.826	330.32
932.197	331.49
932.567	336.88
932.937	335.24
933.308	320.73
933.678	305.75
934.048	329.85
934.418	330.32
934.788	323.07
935.158	300.83
935.528	331.26
935.898	323.54
936.268	310.66
936.637	299.19
937.007	322.83
937.377	327.28
937.746	316.05
938.116	324.24
938.485	327.98
938.855	328.68
939.224	315.34
939.593	320.49
939.962	326.34
940.331	328.68
940.701	309.96
941.07	308.09
941.439	318.62
941.808	311.83
942.176	323.07
942.545	335.71
942.914	334.07
943.283	327.51
943.651	339.68
944.02	305.04
944.388	325.64
944.757	331.02
945.125	339.92
945.493	336.17
945.862	326.11
946.23	324.71
946.598	324.47
946.966	321.9
947.334	325.17
947.702	319.56
948.07	332.66
948.438	325.88
948.806	328.22
949.174	322.36
949.541	335.24
949.909	322.83
950.276	309.73
950.644	325.41
951.011	298.26
951.379	335.71
951.746	320.26
952.113	348.58
952.481	323.77
952.848	313.7
953.215	310.43
953.582	326.34
953.949	328.68
954.316	314.64
954.683	311.6
955.05	318.15
955.416	347.17
955.783	313.7
956.15	331.26
956.516	334.3
956.883	312.3
957.249	307.85
957.616	320.02
957.982	326.34
958.348	309.26
958.714	326.58
959.081	338.05
959.447	337.11
959.813	326.11
960.179	322.6
960.545	320.73
960.911	321.9
961.276	314.64
961.642	307.15
962.008	333.6
962.373	331.73
962.739	302
963.105	333.37
963.47	329.15
963.835	326.81
964.201	304.58
964.566	327.75
964.931	315.34
965.296	320.49
965.662	304.81
966.027	329.39
966.392	305.04
966.756	304.58
967.121	302.24
967.486	318.85
967.851	326.11
968.216	326.11
968.58	317.68
968.945	311.6
969.309	322.83
969.674	336.41
970.038	322.36
970.403	347.41
970.767	318.62
971.131	306.22
971.495	315.58
971.859	323.77
972.223	322.6
972.587	323.77
972.951	334.3
973.315	310.19
973.679	317.22
974.043	318.15
974.407	316.28
974.77	321.19
975.134	309.73
975.497	319.32
975.861	304.58
976.224	338.75
976.588	320.73
976.951	320.02
977.314	318.15
977.677	325.17
978.04	303.64
978.403	330.09
978.766	307.39
979.129	341.32
979.492	327.05
979.855	319.09
980.218	323.77
980.581	350.69
980.943	330.09
981.306	313.24
981.668	318.62
982.031	317.92
982.393	325.17
982.756	335.24
983.118	320.96
983.48	328.68
983.842	304.34
984.204	308.32
984.566	324.71
984.928	304.11
985.29	321.9
985.652	324.94
986.014	317.68
986.376	325.41
986.738	328.45
987.099	313.24
987.461	310.9
987.822	319.09
988.184	332.9
988.545	319.79
988.907	334.77
989.268	302
989.629	320.73
989.99	306.45
990.352	296.85
990.713	331.49
991.074	303.87
991.435	332.9
991.795	335.47
992.156	305.51
992.517	319.32
992.878	308.56
993.238	334.07
993.599	292.64
993.96	313.94
994.32	320.26
994.681	317.92
995.041	316.05
995.401	301.3
995.761	339.22
996.122	320.49
996.482	324.24
996.842	346
997.202	303.17
997.562	322.83
997.922	324.47
998.282	304.11
998.641	328.92
999.001	332.43
999.361	320.49
999.72	330.09
1000.08	325.41
1000.439	330.79
1000.799	336.64
1001.158	320.49
1001.518	315.34
1001.877	310.9
1002.236	336.17
1002.595	321.43
1002.954	333.37
1003.313	302
1003.672	327.28
1004.031	323.07
1004.39	306.45
1004.749	312.3
1005.107	320.49
1005.466	313.94
1005.825	313.94
1006.183	335.94
1006.542	313.47
1006.9	333.13
1007.259	291.47
1007.617	307.15
1007.975	309.73
1008.333	334.07
1008.692	325.64
1009.05	312.3
1009.408	326.11
1009.766	334.07
1010.124	311.83
1010.481	316.75
1010.839	332.66
1011.197	320.49
1011.555	318.85
1011.912	302.24
1012.27	321.19
1012.627	298.49
1012.985	308.09
1013.342	327.51
1013.7	326.34
1014.057	315.81
1014.414	318.62
1014.771	311.6
1015.128	313.94
1015.485	328.22
1015.842	348.58
1016.199	320.49
1016.556	310.43
1016.913	324.47
1017.27	337.81
1017.626	328.92
1017.983	312.07
1018.339	317.68
1018.696	336.88
1019.052	326.81
1019.409	309.02
1019.765	295.21
1020.121	312.3
1020.478	309.96
1020.834	320.26
1021.19	315.58
1021.546	318.85
1021.902	319.32
1022.258	298.96
1022.614	308.09
1022.97	330.32
1023.325	330.56
1023.681	320.02
1024.037	313
1024.392	315.81
1024.748	300.13
1025.103	342.96
1025.459	342.73
1025.814	334.77
1026.169	351.39
1026.525	337.34
1026.88	305.28
1027.235	302
1027.59	322.83
1027.945	325.17
1028.3	308.79
1028.655	309.96
1029.009	327.98
1029.364	323.77
1029.719	335.47
1030.074	302
1030.428	320.49
1030.783	343.66
1031.137	312.3
1031.492	317.45
1031.846	321.9
1032.2	333.83
1032.554	296.85
1032.909	315.34
1033.263	324
1033.617	324
1033.971	324
