265.0	1.2769e-06
265.2	1.2625e-06
265.4	1.2482e-06
265.6	1.2341e-06
265.8	1.2201e-06
266.0	1.2063e-06
266.2	1.1927e-06
266.4	1.1792e-06
266.6	1.1658e-06
266.8	1.1527e-06
267.0	1.1822e-06
267.2	1.4253e-06
267.4	1.7183e-06
267.6	2.0716e-06
267.8	2.4975e-06
268.0	3.0109e-06
268.2	3.6299e-06
268.4	4.3762e-06
268.6	5.2759e-06
268.8	6.3606e-06
269.0	7.6683e-06
269.2	9.2448e-06
269.4	1.1146e-05
269.6	1.3437e-05
269.8	1.6199e-05
270.0	1.953e-05
270.2	2.3545e-05
270.4	2.8386e-05
270.6	3.4222e-05
270.8	3.6343e-05
271.0	3.4645e-05
271.2	3.3025e-05
271.4	3.1481e-05
271.6	3.0009e-05
271.8	2.8607e-05
272.0	2.7269e-05
272.2	2.5995e-05
272.4	2.4779e-05
272.6	2.3621e-05
272.8	2.2517e-05
273.0	2.1464e-05
273.2	2.0461e-05
273.4	1.9504e-05
273.6	1.8593e-05
273.8	1.7723e-05
274.0	1.6895e-05
274.2	1.6105e-05
274.4	1.5352e-05
274.6	9.1631e-06
274.8	5.2068e-06
275.0	2.9586e-06
275.2	1.6361e-06
275.4	9.0479e-07
275.6	8.2207e-07
275.8	9.1486e-07
276.0	1.0181e-06
276.2	1.133e-06
276.4	1.2609e-06
276.6	1.4032e-06
276.8	1.5616e-06
277.0	1.7378e-06
277.2	1.934e-06
277.4	2.1523e-06
277.6	2.3952e-06
277.8	2.6655e-06
278.0	2.9664e-06
278.2	3.3012e-06
278.4	3.6738e-06
278.6	4.0884e-06
278.8	4.5498e-06
279.0	5.0634e-06
279.2	5.5992e-06
279.4	5.7263e-06
279.6	5.8562e-06
279.8	5.9891e-06
280.0	6.125e-06
280.2	6.2639e-06
280.4	6.406e-06
280.6	6.5514e-06
280.8	6.7e-06
281.0	6.852e-06
281.2	7.0075e-06
281.4	7.1665e-06
281.6	7.3291e-06
281.8	7.4954e-06
282.0	7.6654e-06
282.2	7.8394e-06
282.4	8.0172e-06
282.6	8.1991e-06
282.8	8.3851e-06
283.0	7.9109e-06
283.2	6.7628e-06
283.4	5.7813e-06
283.6	4.9423e-06
283.8	4.225e-06
284.0	3.6119e-06
284.2	3.0877e-06
284.4	2.6396e-06
284.6	2.2565e-06
284.8	1.929e-06
285.0	1.6491e-06
285.2	8.4686e-07
285.4	4.349e-07
285.6	3.9139e-07
285.8	4.1454e-07
286.0	4.3905e-07
286.2	4.6502e-07
286.4	4.9253e-07
286.6	5.2166e-07
286.8	5.5252e-07
287.0	5.852e-07
287.2	6.1981e-07
287.4	6.5647e-07
287.6	6.953e-07
287.8	7.3642e-07
288.0	7.7998e-07
288.2	8.2612e-07
288.4	8.7498e-07
288.6	9.2673e-07
288.8	9.8154e-07
289.0	1.0396e-06
289.2	1.0772e-06
289.4	9.8595e-07
289.6	9.024e-07
289.8	8.2592e-07
290.0	7.5593e-07
290.2	6.9187e-07
290.4	6.3324e-07
290.6	5.7958e-07
290.8	5.3046e-07
291.0	4.8551e-07
291.2	4.4437e-07
291.4	4.0671e-07
291.6	3.7224e-07
291.8	3.407e-07
292.0	3.1183e-07
292.2	2.854e-07
292.4	2.6121e-07
292.6	2.3908e-07
292.8	2.1882e-07
293.0	2.1916e-07
293.2	2.3776e-07
293.4	2.5795e-07
293.6	2.7985e-07
293.8	3.036e-07
294.0	3.2937e-07
294.2	3.5733e-07
294.4	3.8767e-07
294.6	4.2057e-07
294.8	4.5628e-07
295.0	4.9501e-07
295.2	4.7323e-07
295.4	4.5241e-07
295.6	4.325e-07
295.8	4.1347e-07
296.0	3.9528e-07
296.2	3.7788e-07
296.4	3.6126e-07
296.6	3.4536e-07
296.8	3.3016e-07
297.0	3.1564e-07
297.2	3.0175e-07
297.4	2.8847e-07
297.6	2.7578e-07
297.8	2.6364e-07
298.0	2.622e-07
298.2	2.7931e-07
298.4	2.9753e-07
298.6	3.1695e-07
298.8	3.3763e-07
299.0	3.5967e-07
299.2	3.8314e-07
299.4	4.0814e-07
299.6	4.3477e-07
299.8	4.6315e-07
300.0	4.9337e-07
300.2	5.2556e-07
300.4	5.5986e-07
300.6	5.964e-07
300.8	6.3532e-07
301.0	6.7678e-07
301.2	7.2094e-07
301.4	7.6799e-07
301.6	8.181e-07
301.8	8.1014e-07
302.0	7.8298e-07
302.2	7.5672e-07
302.4	7.3134e-07
302.6	7.0682e-07
302.8	6.8312e-07
303.0	6.6021e-07
303.2	6.3807e-07
303.4	6.1667e-07
303.6	5.9599e-07
303.8	5.7601e-07
304.0	5.5669e-07
304.2	5.3802e-07
304.4	5.1998e-07
304.6	5.0254e-07
304.8	4.8569e-07
305.0	4.694e-07
305.2	5.2433e-07
305.4	5.8569e-07
305.6	6.2108e-07
305.8	5.7421e-07
306.0	5.3088e-07
306.2	4.9082e-07
306.4	4.5378e-07
306.6	4.1953e-07
306.8	3.8788e-07
307.0	3.5861e-07
307.2	3.3154e-07
307.4	3.0653e-07
307.6	2.8339e-07
307.8	2.6201e-07
308.0	2.4224e-07
308.2	2.2396e-07
308.4	2.0706e-07
308.6	1.9143e-07
308.8	1.7699e-07
309.0	1.6363e-07
309.2	1.5128e-07
309.4	1.466e-07
309.6	1.4588e-07
309.8	1.4516e-07
310.0	1.4445e-07
310.2	1.4373e-07
310.4	1.4303e-07
310.6	1.4232e-07
310.8	1.4162e-07
311.0	1.4092e-07
311.2	1.4022e-07
311.4	1.3953e-07
311.6	1.3885e-07
311.8	1.3816e-07
312.0	1.3748e-07
312.2	1.368e-07
312.4	1.3613e-07
312.6	1.3546e-07
312.8	1.3479e-07
313.0	1.3435e-07
313.2	1.5814e-07
313.4	1.8615e-07
313.6	2.1911e-07
313.8	2.5792e-07
314.0	3.036e-07
314.2	3.5736e-07
314.4	4.2065e-07
314.6	4.9515e-07
314.8	5.8284e-07
315.0	6.8605e-07
315.2	8.0755e-07
315.4	9.5057e-07
315.6	1.1189e-06
315.8	1.3171e-06
316.0	1.5503e-06
316.2	1.8249e-06
316.4	2.1481e-06
316.6	2.5285e-06
316.8	2.616e-06
317.0	2.2026e-06
317.2	1.8545e-06
317.4	1.5614e-06
317.6	1.3146e-06
317.8	1.1068e-06
318.0	9.3188e-07
318.2	7.8459e-07
318.4	6.6059e-07
318.6	5.5618e-07
318.8	4.6827e-07
319.0	3.9426e-07
319.2	3.3195e-07
319.4	2.7948e-07
319.6	2.3531e-07
319.8	1.9812e-07
320.0	1.6681e-07
320.2	1.4044e-07
320.4	1.1825e-07
320.6	1.1341e-07
320.8	1.1309e-07
321.0	1.1277e-07
321.2	1.1246e-07
321.4	1.1214e-07
321.6	1.1182e-07
321.8	1.1151e-07
322.0	1.1119e-07
322.2	1.1088e-07
322.4	1.1057e-07
322.6	1.1026e-07
322.8	1.0995e-07
323.0	1.0964e-07
323.2	1.0933e-07
323.4	1.0902e-07
323.6	1.0871e-07
323.8	1.084e-07
324.0	1.081e-07
324.2	1.0764e-07
324.4	1.0639e-07
324.6	1.0516e-07
324.8	1.0394e-07
325.0	1.0273e-07
325.2	1.0154e-07
325.4	1.0036e-07
325.6	9.9198e-08
325.8	9.8048e-08
326.0	9.6911e-08
326.2	9.5787e-08
326.4	9.4676e-08
326.6	9.3578e-08
326.8	9.2493e-08
327.0	9.142e-08
327.2	9.036e-08
327.4	8.9312e-08
327.6	8.8277e-08
327.8	8.7253e-08
328.0	9.3889e-08
328.2	1.0786e-07
328.4	1.2391e-07
328.6	1.4235e-07
328.8	1.6353e-07
329.0	1.8786e-07
329.2	2.1581e-07
329.4	2.4793e-07
329.6	2.8482e-07
329.8	3.272e-07
330.0	3.7589e-07
330.2	4.3182e-07
330.4	4.9607e-07
330.6	5.6989e-07
330.8	6.5468e-07
331.0	7.521e-07
331.2	8.6401e-07
331.4	9.9258e-07
331.6	1.1403e-06
331.8	9.9754e-07
332.0	8.6661e-07
332.2	7.5286e-07
332.4	6.5404e-07
332.6	5.6819e-07
332.8	4.9361e-07
333.0	4.2882e-07
333.2	3.7253e-07
333.4	3.2363e-07
333.6	2.8115e-07
333.8	2.4425e-07
334.0	2.1219e-07
334.2	1.8434e-07
334.4	1.6014e-07
334.6	1.3912e-07
334.8	1.2086e-07
335.0	1.05e-07
335.2	8.6334e-08
335.4	7.0989e-08
335.6	6.4449e-08
335.8	7.3329e-08
336.0	8.3432e-08
336.2	9.4927e-08
336.4	1.0801e-07
336.6	1.2289e-07
336.8	1.3982e-07
337.0	1.5908e-07
337.2	1.81e-07
337.4	2.0594e-07
337.6	2.3431e-07
337.8	2.6659e-07
338.0	3.0333e-07
338.2	3.4512e-07
338.4	3.9267e-07
338.6	4.4677e-07
338.8	5.0832e-07
339.0	5.7836e-07
339.2	6.5805e-07
339.4	6.1915e-07
339.6	5.3594e-07
339.8	4.6392e-07
340.0	4.0157e-07
340.2	3.4761e-07
340.4	3.0089e-07
340.6	2.6046e-07
340.8	2.2546e-07
341.0	1.9516e-07
341.2	1.6893e-07
341.4	1.4623e-07
341.6	1.2658e-07
341.8	1.0957e-07
342.0	9.4844e-08
342.2	8.2098e-08
342.4	7.1065e-08
342.6	6.1515e-08
342.8	5.3248e-08
343.0	4.6684e-08
343.2	4.6558e-08
343.4	4.6433e-08
343.6	4.6309e-08
343.8	4.6184e-08
344.0	4.606e-08
344.2	4.5937e-08
344.4	4.5813e-08
344.6	4.569e-08
344.8	4.5568e-08
345.0	4.5445e-08
345.2	4.5323e-08
345.4	4.5202e-08
345.6	4.508e-08
345.8	4.4959e-08
346.0	4.4838e-08
346.2	4.4718e-08
346.4	4.4598e-08
346.6	4.4478e-08
346.8	4.4459e-08
347.0	4.4545e-08
347.2	4.4631e-08
347.4	4.4717e-08
347.6	4.4804e-08
347.8	4.489e-08
348.0	4.4977e-08
348.2	4.5064e-08
348.4	4.5151e-08
348.6	4.5238e-08
348.8	4.5325e-08
349.0	4.5413e-08
349.2	4.55e-08
349.4	4.5588e-08
349.6	4.5676e-08
349.8	4.5764e-08
350.0	4.5853e-08
350.2	4.5941e-08
350.4	4.603e-08
350.6	4.6074e-08
350.8	4.6113e-08
351.0	4.6152e-08
351.2	4.6191e-08
351.4	4.623e-08
351.6	4.6269e-08
351.8	4.6308e-08
352.0	4.6348e-08
352.2	4.6387e-08
352.4	4.6426e-08
352.6	4.6465e-08
352.8	4.6505e-08
353.0	4.6544e-08
353.2	4.6584e-08
353.4	4.6623e-08
353.6	4.6663e-08
353.8	4.6702e-08
354.0	4.6742e-08
354.2	4.9211e-08
354.4	5.7698e-08
354.6	6.7647e-08
354.8	7.9313e-08
355.0	9.299e-08
355.2	1.0903e-07
355.4	1.2783e-07
355.6	1.4987e-07
355.8	1.7572e-07
356.0	2.0602e-07
356.2	2.4155e-07
356.4	2.832e-07
356.6	3.3204e-07
356.8	3.893e-07
357.0	4.5643e-07
357.2	5.3514e-07
357.4	6.2742e-07
357.6	7.3562e-07
357.8	8.6248e-07
358.0	9.2327e-07
358.2	9.5882e-07
358.4	9.9574e-07
358.6	1.0341e-06
358.8	1.0739e-06
359.0	1.1153e-06
359.2	1.1582e-06
359.4	1.2028e-06
359.6	1.2491e-06
359.8	1.2972e-06
360.0	1.3472e-06
360.2	1.399e-06
360.4	1.4529e-06
360.6	1.5089e-06
360.8	1.567e-06
361.0	1.6273e-06
361.2	1.69e-06
361.4	1.755e-06
361.6	1.7773e-06
361.8	1.6108e-06
362.0	1.46e-06
362.2	1.3232e-06
362.4	1.1993e-06
362.6	1.087e-06
362.8	9.8515e-07
363.0	8.9288e-07
363.2	8.0925e-07
363.4	7.3346e-07
363.6	6.6476e-07
363.8	6.025e-07
364.0	5.4607e-07
364.2	4.9492e-07
364.4	4.4857e-07
364.6	4.0655e-07
364.8	3.6848e-07
365.0	3.3396e-07
365.2	2.7238e-07
365.4	2.2216e-07
365.6	1.8119e-07
365.8	1.4778e-07
366.0	1.2053e-07
366.2	9.8304e-08
366.4	8.0177e-08
366.6	6.5393e-08
366.8	5.3334e-08
367.0	4.8959e-08
367.2	5.6536e-08
367.4	6.5285e-08
367.6	7.5389e-08
367.8	8.7056e-08
368.0	1.0053e-07
368.2	1.1609e-07
368.4	1.3405e-07
368.6	1.548e-07
368.8	1.7876e-07
369.0	2.0642e-07
369.2	2.3837e-07
369.4	2.7526e-07
369.6	3.1785e-07
369.8	3.6705e-07
370.0	4.2385e-07
370.2	4.8945e-07
370.4	5.6519e-07
370.6	6.5266e-07
370.8	6.6898e-07
371.0	6.5613e-07
371.2	6.4353e-07
371.4	6.3118e-07
371.6	6.1905e-07
371.8	6.0717e-07
372.0	5.955e-07
372.2	5.8407e-07
372.4	5.7285e-07
372.6	5.6185e-07
372.8	5.5106e-07
373.0	5.4048e-07
373.2	5.301e-07
373.4	5.1992e-07
373.6	5.0993e-07
373.8	5.0014e-07
374.0	4.9053e-07
374.2	4.8111e-07
374.4	4.6503e-07
374.6	4.0761e-07
374.8	3.5728e-07
375.0	3.1317e-07
375.2	2.745e-07
375.4	2.4061e-07
375.6	2.109e-07
375.8	1.8486e-07
376.0	1.6203e-07
376.2	1.4203e-07
376.4	1.2449e-07
376.6	1.0912e-07
376.8	9.5645e-08
377.0	8.3835e-08
377.2	7.3484e-08
377.4	6.441e-08
377.6	5.6457e-08
377.8	4.9486e-08
378.0	4.3376e-08
378.2	4.2357e-08
378.4	4.5433e-08
378.6	4.8732e-08
378.8	5.227e-08
379.0	5.6065e-08
379.2	6.0137e-08
379.4	6.4503e-08
379.6	6.9187e-08
379.8	7.4211e-08
380.0	7.9599e-08
380.2	8.5379e-08
380.4	9.1579e-08
380.6	9.8229e-08
380.8	1.0536e-07
381.0	1.1301e-07
381.2	1.2122e-07
381.4	1.3002e-07
381.6	1.3946e-07
381.8	1.4959e-07
382.0	1.3907e-07
382.2	1.2842e-07
382.4	1.1859e-07
382.6	1.0951e-07
382.8	1.0113e-07
383.0	9.3389e-08
383.2	8.624e-08
383.4	7.9638e-08
383.6	7.3542e-08
383.8	6.7912e-08
384.0	6.2713e-08
384.2	5.7912e-08
384.4	5.3479e-08
384.6	4.9385e-08
384.8	4.5605e-08
385.0	4.2113e-08
385.2	3.889e-08
385.4	3.5912e-08
385.6	3.4581e-08
385.8	3.5704e-08
386.0	3.6863e-08
386.2	3.806e-08
386.4	3.9297e-08
386.6	4.0573e-08
386.8	4.189e-08
387.0	4.3251e-08
387.2	4.4656e-08
387.4	4.6106e-08
387.6	4.7603e-08
387.8	4.9149e-08
388.0	5.0745e-08
388.2	5.2394e-08
388.4	5.4095e-08
388.6	5.5852e-08
388.8	5.7666e-08
389.0	5.9539e-08
389.2	6.1472e-08
389.4	6.2395e-08
389.6	6.3078e-08
389.8	6.3769e-08
390.0	6.4468e-08
390.2	6.5174e-08
390.4	6.5888e-08
390.6	6.6609e-08
390.8	6.7339e-08
391.0	6.8076e-08
391.2	6.8822e-08
391.4	6.9576e-08
391.6	7.0338e-08
391.8	7.1108e-08
392.0	7.1887e-08
392.2	4.7908e-08
392.4	3.1928e-08
392.6	2.1278e-08
392.8	1.418e-08
393.0	1.2585e-08
393.2	1.412e-08
393.4	1.5842e-08
393.6	1.7775e-08
393.8	1.9943e-08
394.0	2.2375e-08
394.2	2.5104e-08
394.4	2.8166e-08
394.6	3.1601e-08
394.8	3.5455e-08
395.0	3.978e-08
395.2	4.4631e-08
395.4	5.0075e-08
395.6	5.6182e-08
395.8	6.3035e-08
396.0	7.0723e-08
396.2	7.9349e-08
396.4	8.9027e-08
396.6	9.9885e-08
396.8	1.0e-07
397.0	1.0e-07
397.2	1.0e-07
397.4	1.0e-07
397.6	1.0e-07
397.8	1.0e-07
398.0	1.0e-07
398.2	1.0e-07
398.4	1.0e-07
398.6	1.0e-07
398.8	1.0e-07
399.0	1.0e-07
399.2	1.0e-07
399.4	1.0e-07
399.6	1.0e-07
399.8	1.0e-07
400.0	1.0e-07
400.2	1.0e-07
400.4	1.0e-07
400.6	1.0e-07
400.8	1.0e-07
401.0	1.0e-07
401.2	1.0e-07
401.4	1.0e-07
401.6	1.0e-07
401.8	1.0e-07
402.0	1.0e-07
402.2	1.0e-07
402.4	1.0e-07
402.6	1.0e-07
402.8	1.0e-07
403.0	1.0e-07
403.2	1.0e-07
403.4	1.0e-07
403.6	1.0e-07
403.8	1.0e-07
404.0	1.0e-07
404.2	9.5897e-08
404.4	9.1512e-08
404.6	8.7328e-08
404.8	8.3335e-08
405.0	7.9524e-08
405.2	7.5888e-08
405.4	7.2418e-08
405.6	6.9106e-08
405.8	6.5946e-08
406.0	6.2931e-08
406.2	6.0053e-08
406.4	5.7307e-08
406.6	5.4687e-08
406.8	5.2186e-08
407.0	4.98e-08
407.2	4.7523e-08
407.4	4.535e-08
407.6	4.3276e-08
407.8	4.2713e-08
408.0	4.4762e-08
408.2	4.6908e-08
408.4	4.9158e-08
408.6	5.1515e-08
408.8	5.3986e-08
409.0	5.6575e-08
409.2	5.9288e-08
409.4	6.2131e-08
409.6	6.5111e-08
409.8	6.8233e-08
410.0	7.1506e-08
410.2	7.4935e-08
410.4	7.8528e-08
410.6	8.2295e-08
410.8	8.6241e-08
411.0	9.0377e-08
411.2	9.4711e-08
411.4	9.9253e-08
411.6	1.0e-07
411.8	1.0e-07
412.0	1.0e-07
412.2	1.0e-07
412.4	1.0e-07
412.6	1.0e-07
412.8	1.0e-07
413.0	1.0e-07
413.2	1.0e-07
413.4	1.0e-07
413.6	1.0e-07
413.8	1.0e-07
414.0	1.0e-07
414.2	1.0e-07
414.4	1.0e-07
414.6	1.0e-07
414.8	1.0e-07
415.0	1.0e-07
415.2	1.0e-07
415.4	1.0e-07
415.6	1.0e-07
415.8	1.0e-07
416.0	1.0e-07
416.2	1.0e-07
416.4	1.0e-07
416.6	1.0e-07
416.8	1.0e-07
417.0	1.0e-07
417.2	1.0e-07
417.4	1.0e-07
417.6	1.0e-07
417.8	1.0e-07
418.0	1.0e-07
418.2	1.0e-07
418.4	1.0e-07
418.6	1.0e-07
418.8	1.0e-07
419.0	1.0e-07
419.2	1.0e-07
419.4	1.0e-07
419.6	1.0e-07
419.8	1.0e-07
420.0	1.0e-07
420.2	1.0e-07
420.4	1.0e-07
420.6	1.0e-07
420.8	1.0e-07
421.0	1.0e-07
421.2	1.0e-07
421.4	1.0e-07
421.6	1.0e-07
421.8	1.0e-07
422.0	1.0e-07
422.2	1.0e-07
422.4	1.0e-07
422.6	1.0e-07
422.8	1.0e-07
423.0	1.0e-07
423.2	1.0e-07
423.4	1.0e-07
423.6	1.0e-07
423.8	1.0e-07
424.0	1.0e-07
424.2	1.0e-07
424.4	1.0e-07
424.6	1.0e-07
424.8	1.0e-07
425.0	1.0e-07
425.2	1.0e-07
425.4	1.0e-07
425.6	1.0e-07
425.8	1.0e-07
426.0	1.0e-07
426.2	1.0e-07
426.4	1.0e-07
426.6	1.0e-07
426.8	1.0e-07
427.0	1.0e-07
427.2	1.0e-07
427.4	1.0e-07
427.6	9.2174e-08
427.8	8.452e-08
428.0	7.7501e-08
428.2	7.1066e-08
428.4	6.5164e-08
428.6	5.9753e-08
428.8	5.4791e-08
429.0	5.0241e-08
429.2	4.6069e-08
429.4	4.2244e-08
429.6	3.8736e-08
429.8	3.5519e-08
430.0	3.2569e-08
430.2	2.9865e-08
430.4	2.7385e-08
430.6	2.5111e-08
430.8	2.3026e-08
431.0	2.1893e-08
431.2	2.3279e-08
431.4	2.4752e-08
431.6	2.6318e-08
431.8	2.7984e-08
432.0	2.9755e-08
432.2	3.1638e-08
432.4	3.364e-08
432.6	3.5769e-08
432.8	3.8032e-08
433.0	4.0439e-08
433.2	4.2998e-08
433.4	4.5719e-08
433.6	4.8612e-08
433.8	5.1689e-08
434.0	5.496e-08
434.2	5.8438e-08
434.4	6.2136e-08
434.6	6.6068e-08
434.8	7.0249e-08
435.0	7.4694e-08
435.2	7.9421e-08
435.4	8.4447e-08
435.6	8.9791e-08
435.8	9.5473e-08
436.0	1.0e-07
436.2	1.0e-07
436.4	1.0e-07
436.6	1.0e-07
436.8	1.0e-07
437.0	1.0e-07
437.2	1.0e-07
437.4	1.0e-07
437.6	1.0e-07
437.8	1.0e-07
438.0	1.0e-07
438.2	1.0e-07
438.4	1.0e-07
438.6	1.0e-07
438.8	1.0e-07
439.0	1.0e-07
439.2	1.0e-07
439.4	1.0e-07
439.6	1.0e-07
439.8	1.0e-07
440.0	1.0e-07
440.2	1.0e-07
440.4	1.0e-07
440.6	1.0e-07
440.8	1.0e-07
441.0	9.9014e-08
441.2	9.5168e-08
441.4	9.1471e-08
441.6	8.7918e-08
441.8	8.4502e-08
442.0	8.122e-08
442.2	7.8064e-08
442.4	7.5032e-08
442.6	7.2117e-08
442.8	6.9316e-08
443.0	6.6623e-08
443.2	6.4035e-08
443.4	6.1547e-08
443.6	5.9156e-08
443.8	5.6858e-08
444.0	5.465e-08
444.2	5.2527e-08
444.4	5.0486e-08
444.6	4.8525e-08
444.8	4.664e-08
445.0	4.4828e-08
445.2	4.3087e-08
445.4	4.1413e-08
445.6	3.9804e-08
445.8	3.8258e-08
446.0	3.7161e-08
446.2	3.7226e-08
446.4	3.7291e-08
446.6	3.7356e-08
446.8	3.7421e-08
447.0	3.7486e-08
447.2	3.7551e-08
447.4	3.7617e-08
447.6	3.7682e-08
447.8	3.7748e-08
448.0	3.7814e-08
448.2	3.788e-08
448.4	3.7946e-08
448.6	3.8012e-08
448.8	3.8078e-08
449.0	3.8144e-08
449.2	3.8211e-08
449.4	3.8277e-08
449.6	3.8344e-08
449.8	3.8411e-08
450.0	3.8477e-08
450.2	3.8545e-08
450.4	3.8612e-08
450.6	3.8679e-08
450.8	3.8746e-08
451.0	3.918e-08
451.2	4.0692e-08
451.4	4.2262e-08
451.6	4.3893e-08
451.8	4.5587e-08
452.0	4.7347e-08
452.2	4.9174e-08
452.4	5.1072e-08
452.6	5.3043e-08
452.8	5.509e-08
453.0	5.7216e-08
453.2	5.9424e-08
453.4	6.1717e-08
453.6	6.4099e-08
453.8	6.6573e-08
454.0	6.9142e-08
454.2	7.181e-08
454.4	7.4582e-08
454.6	7.746e-08
454.8	8.0449e-08
455.0	8.3554e-08
455.2	8.6779e-08
455.4	9.0128e-08
455.6	9.3606e-08
455.8	9.7218e-08
456.0	1.0e-07
456.2	1.0e-07
456.4	1.0e-07
456.6	1.0e-07
456.8	1.0e-07
457.0	1.0e-07
457.2	1.0e-07
457.4	1.0e-07
457.6	1.0e-07
457.8	1.0e-07
458.0	1.0e-07
458.2	1.0e-07
458.4	1.0e-07
458.6	1.0e-07
458.8	1.0e-07
459.0	1.0e-07
459.2	1.0e-07
459.4	1.0e-07
459.6	1.0e-07
459.8	1.0e-07
460.0	1.0e-07
460.2	1.0e-07
460.4	1.0e-07
460.6	1.0e-07
460.8	1.0e-07
461.0	1.0028e-07
461.2	1.0138e-07
461.4	1.025e-07
461.6	1.0363e-07
461.8	1.0478e-07
462.0	1.0594e-07
462.2	1.0711e-07
462.4	1.0829e-07
462.6	1.0949e-07
462.8	1.107e-07
463.0	1.1192e-07
463.2	1.1315e-07
463.4	1.144e-07
463.6	1.1567e-07
463.8	1.1695e-07
464.0	1.1824e-07
464.2	1.1954e-07
464.4	1.2086e-07
464.6	1.222e-07
464.8	1.2355e-07
465.0	1.2491e-07
465.2	1.2629e-07
465.4	1.2769e-07
465.6	1.291e-07
465.8	1.3052e-07
466.0	1.3295e-07
466.2	1.3858e-07
466.4	1.4444e-07
466.6	1.5055e-07
466.8	1.5692e-07
467.0	1.6356e-07
467.2	1.7048e-07
467.4	1.777e-07
467.6	1.8521e-07
467.8	1.9305e-07
468.0	2.0122e-07
468.2	2.0973e-07
468.4	2.186e-07
468.6	2.2785e-07
468.8	2.3749e-07
469.0	2.4754e-07
469.2	2.5801e-07
469.4	2.6893e-07
469.6	2.8031e-07
469.8	2.9217e-07
470.0	3.0453e-07
470.2	3.1741e-07
470.4	3.3084e-07
470.6	3.4484e-07
470.8	3.5943e-07
471.0	3.7095e-07
471.2	3.7139e-07
471.4	3.7182e-07
471.6	3.7225e-07
471.8	3.7268e-07
472.0	3.7312e-07
472.2	3.7355e-07
472.4	3.7399e-07
472.6	3.7442e-07
472.8	3.7486e-07
473.0	3.753e-07
473.2	3.7573e-07
473.4	3.7617e-07
473.6	3.7661e-07
473.8	3.7705e-07
474.0	3.7749e-07
474.2	3.7793e-07
474.4	3.7837e-07
474.6	3.7881e-07
474.8	3.7925e-07
475.0	3.7969e-07
475.2	3.8013e-07
475.4	3.8058e-07
475.6	3.8102e-07
475.8	3.8146e-07
476.0	3.8172e-07
476.2	3.8139e-07
476.4	3.8105e-07
476.6	3.8071e-07
476.8	3.8037e-07
477.0	3.8004e-07
477.2	3.797e-07
477.4	3.7936e-07
477.6	3.7903e-07
477.8	3.7869e-07
478.0	3.7836e-07
478.2	3.7802e-07
478.4	3.7768e-07
478.6	3.7735e-07
478.8	3.7702e-07
479.0	3.7668e-07
479.2	3.7635e-07
479.4	3.7601e-07
479.6	3.7568e-07
479.8	3.7535e-07
480.0	3.7502e-07
480.2	3.7468e-07
480.4	3.7435e-07
480.6	3.7402e-07
480.8	3.7369e-07
481.0	3.7524e-07
481.2	3.8336e-07
481.4	3.9167e-07
481.6	4.0015e-07
481.8	4.0881e-07
482.0	4.1767e-07
482.2	4.2671e-07
482.4	4.3595e-07
482.6	4.4539e-07
482.8	4.5504e-07
483.0	4.6489e-07
483.2	4.7496e-07
483.4	4.8525e-07
483.6	4.9576e-07
483.8	5.0649e-07
484.0	5.1746e-07
484.2	5.2867e-07
484.4	5.4012e-07
484.6	4.264e-07
484.8	2.8141e-07
485.0	1.8572e-07
485.2	1.2257e-07
485.4	8.0891e-08
485.6	5.3386e-08
485.8	3.5233e-08
486.0	2.3252e-08
486.2	2.6908e-08
486.4	5.4603e-08
486.6	1.108e-07
486.8	1.2526e-07
487.0	1.3992e-07
487.2	7.721e-08
487.4	1.8616e-08
487.6	3.9687e-08
487.8	8.5538e-08
488.0	1.1993e-07
488.2	1.0455e-07
488.4	9.1142e-08
488.6	1.1227e-07
488.8	1.2591e-07
489.0	1.2532e-07
489.2	1.2474e-07
489.4	5.902e-08
489.6	2.7182e-08
489.8	2.1925e-08
490.0	3.5344e-08
490.2	4.1361e-08
490.4	4.8403e-08
490.6	6.3489e-08
490.8	9.3341e-08
491.0	1.3723e-07
491.2	1.3781e-07
491.4	1.5166e-07
491.6	1.8294e-07
491.8	2.2066e-07
492.0	1.6127e-07
492.2	1.1786e-07
492.4	5.5398e-08
492.6	1.6542e-08
492.8	1.6429e-08
493.0	1.6316e-08
493.2	1.8603e-08
493.4	2.435e-08
493.6	3.1872e-08
493.8	8.7242e-08
494.0	1.3545e-07
494.2	1.2199e-07
494.4	1.0986e-07
494.6	6.6575e-08
494.8	4.0344e-08
495.0	3.9013e-08
495.2	6.1319e-08
495.4	3.5287e-08
495.6	2.0307e-08
495.8	1.914e-08
496.0	2.9549e-08
496.2	4.5617e-08
496.4	1.4115e-07
496.6	2.4345e-07
496.8	2.4241e-07
497.0	2.4115e-07
497.2	1.9917e-07
497.4	1.6449e-07
497.6	1.8425e-07
497.8	2.8165e-07
498.0	2.8603e-07
498.2	2.9049e-07
498.4	3.2342e-07
498.6	3.9334e-07
498.8	4.7837e-07
499.0	5.5039e-07
499.2	6.7636e-07
499.4	8.9162e-07
499.6	1.1754e-06
499.8	1.776e-06
500.0	2.697e-06
500.2	4.4326e-06
500.4	8.0244e-06
500.6	1.4328e-05
500.8	2.558e-05
501.0	5.0344e-05
501.2	1.1035e-04
501.4	2.4189e-04
501.6	7.6678e-04
501.8	0.00143
502.0	0.00301
502.2	0.00745
502.4	0.02072
502.6	0.06449
502.8	0.20126
503.0	0.50523
503.2	0.79865
503.4	0.90868
503.6	0.93488
503.8	0.94427
504.0	0.95095
504.2	0.9551
504.4	0.95798
504.6	0.96139
504.8	0.96466
505.0	0.96758
505.2	0.96894
505.4	0.96856
505.6	0.96861
505.8	0.96871
506.0	0.96842
506.2	0.96775
506.4	0.96799
506.6	0.96821
506.8	0.96841
507.0	0.96838
507.2	0.96872
507.4	0.96891
507.6	0.96987
507.8	0.97065
508.0	0.9719
508.2	0.97387
508.4	0.9754
508.6	0.97707
508.8	0.978
509.0	0.97936
509.2	0.97936
509.4	0.97972
509.6	0.97959
509.8	0.97994
510.0	0.97977
510.2	0.97999
510.4	0.97995
510.6	0.98017
510.8	0.98047
511.0	0.98027
511.2	0.9793
511.4	0.9793
511.6	0.97933
511.8	0.97856
512.0	0.97842
512.2	0.9773
512.4	0.97798
512.6	0.97783
512.8	0.978
513.0	0.97827
513.2	0.97881
513.4	0.97949
513.6	0.9801
513.8	0.98082
514.0	0.98155
514.2	0.98137
514.4	0.98188
514.6	0.98196
514.8	0.98197
515.0	0.98259
515.2	0.98315
515.4	0.98339
515.6	0.98338
515.8	0.98353
516.0	0.98462
516.2	0.98544
516.4	0.98619
516.6	0.98666
516.8	0.98714
517.0	0.98707
517.2	0.98683
517.4	0.98693
517.6	0.98592
517.8	0.98538
518.0	0.98425
518.2	0.98469
518.4	0.98354
518.6	0.98347
518.8	0.9833
519.0	0.98367
519.2	0.98309
519.4	0.98383
519.6	0.9845
519.8	0.98523
520.0	0.98623
520.2	0.98642
520.4	0.98629
520.6	0.98711
520.8	0.98674
521.0	0.9861
521.2	0.98578
521.4	0.98578
521.6	0.9853
521.8	0.98513
522.0	0.98452
522.2	0.98476
522.4	0.98451
522.6	0.98482
522.8	0.9842
523.0	0.98486
523.2	0.98501
523.4	0.98509
523.6	0.98502
523.8	0.98486
524.0	0.98479
524.2	0.98431
524.4	0.98482
524.6	0.98453
524.8	0.98449
525.0	0.98452
525.2	0.98458
525.4	0.98452
525.6	0.98487
525.8	0.98541
526.0	0.98564
526.2	0.98571
526.4	0.98537
526.6	0.985
526.8	0.98471
527.0	0.98443
527.2	0.98339
527.4	0.98223
527.6	0.98097
527.8	0.97974
528.0	0.97873
528.2	0.97737
528.4	0.97617
528.6	0.97592
528.8	0.97577
529.0	0.97633
529.2	0.97606
529.4	0.97653
529.6	0.97555
529.8	0.97605
530.0	0.97565
530.2	0.97437
530.4	0.97259
530.6	0.97073
530.8	0.96873
531.0	0.96708
531.2	0.96541
531.4	0.96299
531.6	0.96186
531.8	0.96041
532.0	0.96006
532.2	0.95976
532.4	0.9588
532.6	0.95767
532.8	0.95691
533.0	0.95454
533.2	0.95125
533.4	0.948
533.6	0.94331
533.8	0.93943
534.0	0.93604
534.2	0.93362
534.4	0.93296
534.6	0.93387
534.8	0.93489
535.0	0.93352
535.2	0.92602
535.4	0.90575
535.6	0.86954
535.8	0.81542
536.0	0.75141
536.2	0.68661
536.4	0.63316
536.6	0.60079
536.8	0.60264
537.0	0.6389
537.2	0.65953
537.4	0.53706
537.6	0.30521
537.8	0.13294
538.0	0.06285
538.2	0.02629
538.4	0.0122
538.6	0.00613
538.8	0.00332
539.0	0.00191
539.2	0.00109
539.4	5.9101e-04
539.6	3.5741e-04
539.8	2.2515e-04
540.0	1.4487e-04
540.2	9.7363e-05
540.4	6.5455e-05
540.6	4.3842e-05
540.8	3.0455e-05
541.0	2.1749e-05
541.2	1.5669e-05
541.4	1.1592e-05
541.6	8.7789e-06
541.8	6.3836e-06
542.0	4.7933e-06
542.2	3.8193e-06
542.4	2.8459e-06
542.6	2.3051e-06
542.8	1.8098e-06
543.0	1.8371e-06
543.2	1.2325e-06
543.4	9.2421e-07
543.6	1.009e-06
543.8	8.8009e-07
544.0	8.1029e-07
544.2	6.8437e-07
544.4	4.5371e-07
544.6	5.3732e-07
544.8	4.3173e-07
545.0	4.4912e-07
545.2	1.0968e-07
545.4	4.3386e-07
545.6	4.9282e-07
545.8	3.3341e-07
546.0	2.6737e-07
546.2	4.3811e-07
546.4	2.0605e-07
546.6	2.3252e-07
546.8	2.6446e-07
547.0	2.7965e-07
547.2	1.1684e-07
547.4	1.9238e-07
547.6	1.5632e-07
547.8	1.1487e-07
548.0	3.3054e-07
548.2	6.4778e-08
548.4	9.2783e-08
548.6	1.818e-07
548.8	2.3523e-07
549.0	1.4846e-07
549.2	4.9408e-08
549.4	8.6248e-08
549.6	1.5407e-07
549.8	1.6893e-07
550.0	1.7788e-07
550.2	1.6529e-07
550.4	5.3212e-08
550.6	5.2334e-08
550.8	1.6218e-07
551.0	1.0777e-07
551.2	7.5939e-08
551.4	5.6686e-08
551.6	5.8572e-08
551.8	5.664e-08
552.0	1.9802e-07
552.2	2.0163e-07
552.4	2.053e-07
552.6	2.0904e-07
552.8	2.1285e-07
553.0	2.1673e-07
553.2	2.2068e-07
553.4	2.2215e-07
553.6	2.1815e-07
553.8	2.1422e-07
554.0	2.1037e-07
554.2	2.0658e-07
554.4	2.0286e-07
554.6	1.9921e-07
554.8	1.9563e-07
555.0	1.9211e-07
555.2	1.8865e-07
555.4	1.8525e-07
555.6	1.8192e-07
555.8	1.7865e-07
556.0	1.7543e-07
556.2	1.7227e-07
556.4	1.6917e-07
556.6	1.6613e-07
556.8	1.6314e-07
557.0	1.6115e-07
557.2	1.5951e-07
557.4	1.5788e-07
557.6	1.5626e-07
557.8	1.5467e-07
558.0	1.5309e-07
558.2	1.5152e-07
558.4	1.4997e-07
558.6	1.4844e-07
558.8	1.4692e-07
559.0	1.4542e-07
559.2	1.4394e-07
559.4	1.4247e-07
559.6	1.4101e-07
559.8	1.3957e-07
560.0	1.3814e-07
560.2	1.3673e-07
560.4	1.3533e-07
560.6	1.3395e-07
560.8	1.3258e-07
561.0	1.3123e-07
561.2	1.2989e-07
561.4	1.2856e-07
561.6	1.2725e-07
561.8	1.2602e-07
562.0	1.2506e-07
562.2	1.241e-07
562.4	1.2315e-07
562.6	1.222e-07
562.8	1.2126e-07
563.0	1.2034e-07
563.2	1.1941e-07
563.4	1.185e-07
563.6	1.1759e-07
563.8	1.1669e-07
564.0	1.1579e-07
564.2	1.1491e-07
564.4	1.1402e-07
564.6	1.1315e-07
564.8	1.1228e-07
565.0	1.1142e-07
565.2	1.1057e-07
565.4	1.0972e-07
565.6	1.0888e-07
565.8	1.0804e-07
566.0	1.0722e-07
566.2	1.0639e-07
566.4	1.0558e-07
566.6	1.0477e-07
566.8	1.045e-07
567.0	1.0443e-07
567.2	1.0437e-07
567.4	1.043e-07
567.6	1.0423e-07
567.8	1.0417e-07
568.0	1.041e-07
568.2	1.0404e-07
568.4	1.0397e-07
568.6	1.0391e-07
568.8	1.0384e-07
569.0	1.0378e-07
569.2	1.0371e-07
569.4	1.0365e-07
569.6	1.0358e-07
569.8	1.0352e-07
570.0	1.0345e-07
570.2	1.0338e-07
570.4	1.0332e-07
570.6	1.0325e-07
570.8	1.0319e-07
571.0	1.0312e-07
571.2	1.0306e-07
571.4	1.03e-07
571.6	1.0268e-07
571.8	1.0153e-07
572.0	1.004e-07
572.2	9.9283e-08
572.4	9.8175e-08
572.6	9.708e-08
572.8	9.5998e-08
573.0	9.4927e-08
573.2	9.3868e-08
573.4	9.2821e-08
573.6	9.1786e-08
573.8	9.0762e-08
574.0	8.975e-08
574.2	8.8749e-08
574.4	8.7759e-08
574.6	8.678e-08
574.8	8.5813e-08
575.0	8.4856e-08
575.2	8.3909e-08
575.4	8.2973e-08
575.6	8.2048e-08
575.8	8.1133e-08
576.0	8.0228e-08
576.2	7.9333e-08
576.4	7.8448e-08
576.6	7.8577e-08
576.8	7.9072e-08
577.0	7.957e-08
577.2	8.0071e-08
577.4	8.0575e-08
577.6	8.1082e-08
577.8	8.1593e-08
578.0	8.2106e-08
578.2	8.2623e-08
578.4	8.3144e-08
578.6	8.3667e-08
578.8	8.4194e-08
579.0	8.4724e-08
579.2	8.5257e-08
579.4	8.5794e-08
579.6	8.6334e-08
579.8	8.6878e-08
580.0	8.7425e-08
580.2	8.7975e-08
580.4	8.8529e-08
580.6	8.9087e-08
580.8	8.9648e-08
581.0	9.0212e-08
581.2	9.078e-08
581.4	9.0726e-08
581.6	8.8666e-08
581.8	8.6653e-08
582.0	8.4686e-08
582.2	8.2763e-08
582.4	8.0884e-08
582.6	7.9048e-08
582.8	7.7253e-08
583.0	7.5499e-08
583.2	7.3785e-08
583.4	7.211e-08
583.6	7.0473e-08
583.8	6.8873e-08
584.0	6.7309e-08
584.2	6.5781e-08
584.4	6.4287e-08
584.6	6.2828e-08
584.8	6.1401e-08
585.0	6.0007e-08
585.2	5.8645e-08
585.4	5.7313e-08
585.6	5.6012e-08
585.8	5.474e-08
586.0	5.3498e-08
586.2	5.2283e-08
586.4	5.2636e-08
586.6	5.3546e-08
586.8	5.4472e-08
587.0	5.5414e-08
587.2	5.6373e-08
587.4	5.7348e-08
587.6	5.834e-08
587.8	5.9349e-08
588.0	6.0376e-08
588.2	6.142e-08
588.4	6.2483e-08
588.6	6.3564e-08
588.8	6.4663e-08
589.0	6.5782e-08
589.2	6.692e-08
589.4	6.8077e-08
589.6	6.9255e-08
589.8	7.0453e-08
590.0	7.1671e-08
590.2	7.2911e-08
590.4	7.4172e-08
590.6	7.5455e-08
590.8	7.6761e-08
591.0	7.8088e-08
591.2	7.9204e-08
591.4	7.9562e-08
591.6	7.9922e-08
591.8	8.0284e-08
592.0	8.0647e-08
592.2	8.1012e-08
592.4	8.1379e-08
592.6	8.1747e-08
592.8	8.2117e-08
593.0	8.2489e-08
593.2	8.2862e-08
593.4	8.3237e-08
593.6	8.3614e-08
593.8	8.3993e-08
594.0	8.4373e-08
594.2	8.4755e-08
594.4	8.5138e-08
594.6	8.5524e-08
594.8	8.5911e-08
595.0	8.63e-08
595.2	8.669e-08
595.4	8.7083e-08
595.6	8.7477e-08
595.8	8.7873e-08
596.0	8.827e-08
596.2	8.8368e-08
596.4	8.8357e-08
596.6	8.8346e-08
596.8	8.8335e-08
597.0	8.8324e-08
597.2	8.8313e-08
597.4	8.8302e-08
597.6	8.8291e-08
597.8	8.828e-08
598.0	8.8269e-08
598.2	8.8258e-08
598.4	8.8247e-08
598.6	8.8236e-08
598.8	8.8225e-08
599.0	8.8214e-08
599.2	8.8203e-08
599.4	8.8192e-08
599.6	8.8181e-08
599.8	8.817e-08
600.0	8.8158e-08
600.2	8.8147e-08
600.4	8.8136e-08
600.6	8.8125e-08
600.8	8.8114e-08
601.0	8.8202e-08
601.2	8.8601e-08
601.4	8.9002e-08
601.6	8.9405e-08
601.8	8.981e-08
602.0	9.0216e-08
602.2	9.0624e-08
602.4	9.1035e-08
602.6	9.1447e-08
602.8	9.1861e-08
603.0	9.2277e-08
603.2	9.2694e-08
603.4	9.3114e-08
603.6	9.3535e-08
603.8	9.3959e-08
604.0	9.4384e-08
604.2	9.4811e-08
604.4	9.524e-08
604.6	9.5672e-08
604.8	9.6105e-08
605.0	9.654e-08
605.2	9.6977e-08
605.4	9.7416e-08
605.6	9.7857e-08
605.8	9.7029e-08
606.0	9.4939e-08
606.2	9.2895e-08
606.4	9.0895e-08
606.6	8.8937e-08
606.8	8.7022e-08
607.0	8.5148e-08
607.2	8.3315e-08
607.4	8.1521e-08
607.6	7.9765e-08
607.8	7.8048e-08
608.0	7.6367e-08
608.2	7.4723e-08
608.4	7.3114e-08
608.6	7.1539e-08
608.8	6.9999e-08
609.0	6.8491e-08
609.2	6.7017e-08
609.4	6.7626e-08
609.6	6.8262e-08
609.8	6.8904e-08
610.0	6.9552e-08
610.2	7.0207e-08
610.4	7.0867e-08
610.6	7.1534e-08
610.8	7.2206e-08
611.0	7.2886e-08
611.2	7.3571e-08
611.4	7.4263e-08
611.6	7.4962e-08
611.8	7.5667e-08
612.0	7.6379e-08
612.2	7.7097e-08
612.4	7.7823e-08
612.6	7.9856e-08
612.8	8.6575e-08
613.0	9.3859e-08
613.2	1.0176e-07
613.4	1.1032e-07
613.6	1.196e-07
613.8	1.2966e-07
614.0	1.4057e-07
614.2	1.524e-07
614.4	1.6523e-07
614.6	1.7913e-07
614.8	1.942e-07
615.0	2.1054e-07
615.2	2.2825e-07
615.4	2.4746e-07
615.6	2.6828e-07
615.8	2.9085e-07
616.0	3.1533e-07
616.2	3.4111e-07
616.4	3.3875e-07
616.6	3.3641e-07
616.8	3.3408e-07
617.0	3.3177e-07
617.2	3.2948e-07
617.4	3.272e-07
617.6	3.2494e-07
617.8	3.2269e-07
618.0	3.2046e-07
618.2	3.1825e-07
618.4	3.1604e-07
618.6	3.1386e-07
618.8	3.1169e-07
619.0	3.0953e-07
619.2	3.0739e-07
619.4	3.0527e-07
619.6	3.0316e-07
619.8	3.0106e-07
620.0	2.9991e-07
620.2	2.9925e-07
620.4	2.9859e-07
620.6	2.9793e-07
620.8	2.9727e-07
621.0	2.9661e-07
621.2	2.9596e-07
621.4	2.953e-07
621.6	2.9465e-07
621.8	2.94e-07
622.0	2.9335e-07
622.2	2.927e-07
622.4	2.9205e-07
622.6	2.9141e-07
622.8	2.9076e-07
623.0	2.9012e-07
623.2	2.8948e-07
623.4	2.8884e-07
623.6	2.8832e-07
623.8	2.8808e-07
624.0	2.8784e-07
624.2	2.876e-07
624.4	2.8736e-07
624.6	2.8712e-07
624.8	2.8688e-07
625.0	2.8664e-07
625.2	2.864e-07
625.4	2.8616e-07
625.6	2.8592e-07
625.8	2.8568e-07
626.0	2.8544e-07
626.2	2.852e-07
626.4	2.8496e-07
626.6	2.8472e-07
626.8	2.8449e-07
627.0	2.8425e-07
627.2	2.8401e-07
627.4	2.8172e-07
627.6	2.7936e-07
627.8	2.7703e-07
628.0	2.7471e-07
628.2	2.7242e-07
628.4	2.7014e-07
628.6	2.6788e-07
628.8	2.6564e-07
629.0	2.6342e-07
629.2	2.6122e-07
629.4	2.5903e-07
629.6	2.5687e-07
629.8	2.5472e-07
630.0	2.5259e-07
630.2	2.5048e-07
630.4	2.4838e-07
630.6	2.463e-07
630.8	2.4424e-07
631.0	2.4242e-07
631.2	2.4074e-07
631.4	2.3908e-07
631.6	2.3742e-07
631.8	2.3578e-07
632.0	2.3415e-07
632.2	2.3253e-07
632.4	2.3092e-07
632.6	2.2932e-07
632.8	2.2773e-07
633.0	2.2615e-07
633.2	2.2459e-07
633.4	2.2303e-07
633.6	2.2149e-07
633.8	2.1996e-07
634.0	2.1844e-07
634.2	2.1692e-07
634.4	2.1542e-07
634.6	2.1417e-07
634.8	2.1348e-07
635.0	2.128e-07
635.2	2.1212e-07
635.4	2.1144e-07
635.6	2.1076e-07
635.8	2.1009e-07
636.0	2.0942e-07
636.2	2.0874e-07
636.4	2.0808e-07
636.6	2.0741e-07
636.8	2.0675e-07
637.0	2.0608e-07
637.2	2.0542e-07
637.4	2.0477e-07
637.6	2.0411e-07
637.8	2.0346e-07
638.0	2.028e-07
638.2	2.0215e-07
638.4	2.018e-07
638.6	2.0145e-07
638.8	2.011e-07
639.0	2.0075e-07
639.2	2.004e-07
639.4	2.0005e-07
639.6	1.997e-07
639.8	1.9935e-07
640.0	1.99e-07
640.2	1.9866e-07
640.4	1.9831e-07
640.6	1.9797e-07
640.8	1.9762e-07
641.0	1.9728e-07
641.2	1.9693e-07
641.4	1.9659e-07
641.6	1.9625e-07
641.8	1.9591e-07
642.0	1.9416e-07
642.2	1.9178e-07
642.4	1.8942e-07
642.6	1.871e-07
642.8	1.848e-07
643.0	1.8253e-07
643.2	1.8029e-07
643.4	1.7808e-07
643.6	1.7589e-07
643.8	1.7373e-07
644.0	1.716e-07
644.2	1.6949e-07
644.4	1.6741e-07
644.6	1.6536e-07
644.8	1.6333e-07
645.0	1.6132e-07
645.2	1.5934e-07
645.4	1.5739e-07
645.6	1.5615e-07
645.8	1.5602e-07
646.0	1.559e-07
646.2	1.5577e-07
646.4	1.5564e-07
646.6	1.5552e-07
646.8	1.5539e-07
647.0	1.5527e-07
647.2	1.5514e-07
647.4	1.5502e-07
647.6	1.5489e-07
647.8	1.5477e-07
648.0	1.5464e-07
648.2	1.5452e-07
648.4	1.5439e-07
648.6	1.5427e-07
648.8	1.5414e-07
649.0	1.5402e-07
649.2	1.5382e-07
649.4	1.5298e-07
649.6	1.5215e-07
649.8	1.5132e-07
650.0	1.5049e-07
650.2	1.4967e-07
650.4	1.4885e-07
650.6	1.4804e-07
650.8	1.4723e-07
651.0	1.4643e-07
651.2	1.4563e-07
651.4	1.4483e-07
651.6	1.4404e-07
651.8	1.4326e-07
652.0	1.4247e-07
652.2	1.417e-07
652.4	1.4092e-07
652.6	1.4015e-07
652.8	1.3939e-07
653.0	1.3977e-07
653.2	1.4041e-07
653.4	1.4104e-07
653.6	1.4168e-07
653.8	1.4232e-07
654.0	1.4296e-07
654.2	1.4361e-07
654.4	1.4426e-07
654.6	1.4491e-07
654.8	1.4556e-07
655.0	1.4622e-07
655.2	1.4688e-07
655.4	1.4755e-07
655.6	1.4821e-07
655.8	1.4888e-07
656.0	1.4956e-07
656.2	1.5023e-07
656.4	1.5091e-07
656.6	1.499e-07
656.8	1.476e-07
657.0	1.4533e-07
657.2	1.4309e-07
657.4	1.4089e-07
657.6	1.3872e-07
657.8	1.3659e-07
658.0	1.3448e-07
658.2	1.3241e-07
658.4	1.3038e-07
658.6	1.2837e-07
658.8	1.2639e-07
659.0	1.2445e-07
659.2	1.2253e-07
659.4	1.2065e-07
659.6	1.1879e-07
659.8	1.1696e-07
660.0	1.1516e-07
660.2	1.1381e-07
660.4	1.1344e-07
660.6	1.1306e-07
660.8	1.1269e-07
661.0	1.1232e-07
661.2	1.1195e-07
661.4	1.1158e-07
661.6	1.1121e-07
661.8	1.1084e-07
662.0	1.1048e-07
662.2	1.1011e-07
662.4	1.0975e-07
662.6	1.0939e-07
662.8	1.0903e-07
663.0	1.0867e-07
663.2	1.0831e-07
663.4	1.0795e-07
663.6	1.0759e-07
663.8	1.0721e-07
664.0	1.0644e-07
664.2	1.0568e-07
664.4	1.0492e-07
664.6	1.0417e-07
664.8	1.0342e-07
665.0	1.0267e-07
665.2	1.0194e-07
665.4	1.012e-07
665.6	1.0048e-07
665.8	9.9755e-08
666.0	9.9038e-08
666.2	9.8327e-08
666.4	9.7621e-08
666.6	9.6919e-08
666.8	9.6223e-08
667.0	9.5532e-08
667.2	9.4845e-08
667.4	9.4164e-08
667.6	9.306e-08
667.8	9.188e-08
668.0	9.0715e-08
668.2	8.9564e-08
668.4	8.8428e-08
668.6	8.7307e-08
668.8	8.6199e-08
669.0	8.5106e-08
669.2	8.4027e-08
669.4	8.2961e-08
669.6	8.1909e-08
669.8	8.087e-08
670.0	7.9844e-08
670.2	7.8832e-08
670.4	7.7832e-08
670.6	7.6845e-08
670.8	7.587e-08
671.0	7.4908e-08
671.2	7.1542e-08
671.4	6.6832e-08
671.6	6.2432e-08
671.8	5.8321e-08
672.0	5.4481e-08
672.2	5.0894e-08
672.4	4.7544e-08
672.6	4.4413e-08
672.8	4.1489e-08
673.0	3.8758e-08
673.2	4.7132e-08
673.4	5.7317e-08
673.6	6.9702e-08
673.8	8.4763e-08
674.0	1.0e-07
674.2	1.0e-07
674.4	1.0e-07
674.6	1.0e-07
674.8	1.0e-07
675.0	1.0e-07
675.2	1.0e-07
675.4	1.0e-07
675.6	1.0e-07
675.8	1.0e-07
676.0	1.0e-07
676.2	1.0e-07
676.4	1.0e-07
676.6	1.0e-07
676.8	1.0e-07
677.0	1.0e-07
677.2	1.0e-07
677.4	1.0e-07
677.6	1.0e-07
677.8	1.0e-07
678.0	1.0e-07
678.2	1.0e-07
678.4	1.0e-07
678.6	1.0e-07
678.8	1.0e-07
679.0	1.0e-07
679.2	1.0e-07
679.4	1.0e-07
679.6	1.0e-07
679.8	1.0e-07
680.0	1.0e-07
680.2	1.0e-07
680.4	1.0e-07
680.6	1.0e-07
680.8	1.0e-07
681.0	1.0e-07
681.2	1.0e-07
681.4	1.0e-07
681.6	1.0e-07
681.8	1.0e-07
682.0	1.0e-07
682.2	1.0e-07
682.4	1.0e-07
682.6	1.0e-07
682.8	1.0e-07
683.0	1.0e-07
683.2	1.0e-07
683.4	1.0e-07
683.6	1.0e-07
683.8	1.0e-07
684.0	1.0e-07
684.2	1.0e-07
684.4	1.0e-07
684.6	1.0e-07
684.8	1.0e-07
685.0	1.0e-07
685.2	1.0e-07
685.4	1.0e-07
685.6	1.0e-07
685.8	1.0e-07
686.0	1.0e-07
686.2	1.0e-07
686.4	1.0e-07
686.6	1.0e-07
686.8	1.0e-07
687.0	1.0e-07
687.2	1.0e-07
687.4	1.0e-07
687.6	1.0e-07
687.8	1.0e-07
688.0	1.0e-07
688.2	1.0e-07
688.4	1.0e-07
688.6	1.0e-07
688.8	1.0e-07
689.0	1.0e-07
689.2	1.0e-07
689.4	1.0e-07
689.6	1.0e-07
689.8	1.0e-07
690.0	1.0e-07
690.2	1.0e-07
690.4	1.0e-07
690.6	1.0e-07
690.8	1.0e-07
691.0	1.0e-07
691.2	1.0e-07
691.4	1.0e-07
691.6	1.0e-07
691.8	1.0e-07
692.0	1.0e-07
692.2	1.0e-07
692.4	1.0e-07
692.6	1.0e-07
692.8	1.0e-07
693.0	1.0e-07
693.2	1.0e-07
693.4	1.0e-07
693.6	1.0e-07
693.8	1.0e-07
694.0	1.0e-07
694.2	1.0e-07
694.4	1.0e-07
694.6	1.0e-07
694.8	1.0e-07
695.0	1.0e-07
695.2	1.0e-07
695.4	1.0e-07
695.6	1.0e-07
695.8	1.0e-07
696.0	1.0185e-07
696.2	1.0623e-07
696.4	1.108e-07
696.6	1.1557e-07
696.8	1.2054e-07
697.0	1.2573e-07
697.2	1.3114e-07
697.4	1.3678e-07
697.6	1.4266e-07
697.8	1.488e-07
698.0	1.552e-07
698.2	1.6188e-07
698.4	1.6885e-07
698.6	1.7611e-07
698.8	1.8369e-07
699.0	1.9159e-07
699.2	1.9983e-07
699.4	2.0843e-07
699.6	2.1431e-07
699.8	2.0687e-07
700.0	1.997e-07
700.2	1.9277e-07
700.4	1.8608e-07
700.6	1.7963e-07
700.8	1.7339e-07
701.0	1.6738e-07
701.2	1.6157e-07
701.4	1.5597e-07
701.6	1.5056e-07
701.8	1.4533e-07
702.0	1.4029e-07
702.2	1.3543e-07
702.4	1.3073e-07
702.6	1.2619e-07
702.8	1.2181e-07
703.0	1.1759e-07
703.2	1.1351e-07
703.4	1.2903e-07
703.6	1.4822e-07
703.8	1.7026e-07
704.0	1.9558e-07
704.2	2.2466e-07
704.4	2.5807e-07
704.6	2.9645e-07
704.8	3.4053e-07
705.0	3.9117e-07
705.2	4.4933e-07
705.4	5.1615e-07
705.6	5.929e-07
705.8	6.8107e-07
706.0	7.8234e-07
706.2	8.9868e-07
706.4	1.0323e-06
706.6	1.1858e-06
706.8	1.3621e-06
707.0	1.2521e-06
707.2	1.0509e-06
707.4	8.8199e-07
707.6	7.4023e-07
707.8	6.2125e-07
708.0	5.214e-07
708.2	4.376e-07
708.4	3.6726e-07
708.6	3.0823e-07
708.8	2.5869e-07
709.0	2.1711e-07
709.2	1.8222e-07
709.4	1.5293e-07
709.6	1.2835e-07
709.8	1.0772e-07
710.0	9.0407e-08
710.2	7.5876e-08
710.4	6.3681e-08
710.6	6.2298e-08
710.8	7.1487e-08
711.0	8.2031e-08
711.2	9.413e-08
711.4	1.0801e-07
711.6	1.2394e-07
711.8	1.4222e-07
712.0	1.632e-07
712.2	1.8727e-07
712.4	2.1489e-07
712.6	2.4659e-07
712.8	2.8296e-07
713.0	3.2469e-07
713.2	3.7258e-07
713.4	4.2754e-07
713.6	4.9059e-07
713.8	5.6295e-07
714.0	6.4598e-07
714.2	7.085e-07
714.4	6.9178e-07
714.6	6.7546e-07
714.8	6.5953e-07
715.0	6.4397e-07
715.2	6.2878e-07
715.4	6.1394e-07
715.6	5.9946e-07
715.8	5.8532e-07
716.0	5.7151e-07
716.2	5.5803e-07
716.4	5.4486e-07
716.6	5.3201e-07
716.8	5.1946e-07
717.0	5.072e-07
717.2	4.9524e-07
717.4	4.8356e-07
717.6	4.7215e-07
717.8	4.5778e-07
718.0	4.0934e-07
718.2	3.6603e-07
718.4	3.273e-07
718.6	2.9267e-07
718.8	2.617e-07
719.0	2.3401e-07
719.2	2.0925e-07
719.4	1.8711e-07
719.6	1.6731e-07
719.8	1.4961e-07
720.0	1.3378e-07
720.2	1.1962e-07
720.4	1.0696e-07
720.6	9.5646e-08
720.8	8.5525e-08
721.0	7.6476e-08
721.2	6.8384e-08
721.4	6.1148e-08
721.6	6.7676e-08
721.8	7.69e-08
722.0	8.7382e-08
722.2	9.9293e-08
722.4	1.1283e-07
722.6	1.2821e-07
722.8	1.4568e-07
723.0	1.6554e-07
723.2	1.881e-07
723.4	2.1374e-07
723.6	2.4288e-07
723.8	2.7598e-07
724.0	3.136e-07
724.2	3.5635e-07
724.4	4.0492e-07
724.6	4.6011e-07
724.8	5.2283e-07
725.0	5.941e-07
725.2	6.5498e-07
725.4	7.1303e-07
725.6	7.7622e-07
725.8	8.4501e-07
726.0	9.199e-07
726.2	1.0014e-06
726.4	1.0902e-06
726.6	1.1868e-06
726.8	1.292e-06
727.0	1.4065e-06
727.2	1.5311e-06
727.4	1.6668e-06
727.6	1.8145e-06
727.8	1.9754e-06
728.0	2.1504e-06
728.2	2.341e-06
728.4	2.5485e-06
728.6	2.7743e-06
728.8	2.7024e-06
729.0	2.3898e-06
729.2	2.1133e-06
729.4	1.8688e-06
729.6	1.6527e-06
729.8	1.4615e-06
730.0	1.2924e-06
730.2	1.1429e-06
730.4	1.0107e-06
730.6	8.938e-07
730.8	7.904e-07
731.0	6.9897e-07
731.2	6.1812e-07
731.4	5.4661e-07
731.6	4.8338e-07
731.8	4.2747e-07
732.0	3.7802e-07
732.2	3.3429e-07
732.4	3.1379e-07
732.6	3.2533e-07
732.8	3.373e-07
733.0	3.4971e-07
733.2	3.6257e-07
733.4	3.7591e-07
733.6	3.8974e-07
733.8	4.0408e-07
734.0	4.1894e-07
734.2	4.3435e-07
734.4	4.5033e-07
734.6	4.669e-07
734.8	4.8407e-07
735.0	5.0188e-07
735.2	5.2035e-07
735.4	5.3949e-07
735.6	5.5933e-07
735.8	5.7991e-07
736.0	6.2696e-07
736.2	7.8306e-07
736.4	9.7801e-07
736.6	1.2215e-06
736.8	1.5256e-06
737.0	1.9054e-06
737.2	2.3798e-06
737.4	2.9723e-06
737.6	3.7123e-06
737.8	4.6366e-06
738.0	5.7909e-06
738.2	2.3237e-06
738.4	2.9185e-06
738.6	3.6656e-06
738.8	4.604e-06
739.0	5.7826e-06
739.2	7.2629e-06
739.4	9.1221e-06
739.6	1.1457e-05
739.8	1.439e-05
740.0	1.8074e-05
740.2	1.9832e-05
740.4	2.154e-05
740.6	2.3395e-05
740.8	2.5411e-05
741.0	2.76e-05
741.2	2.9977e-05
741.4	3.2559e-05
741.6	3.5364e-05
741.8	3.841e-05
742.0	3.3933e-05
742.2	2.8604e-05
742.4	2.4112e-05
742.6	2.0325e-05
742.8	1.7133e-05
743.0	1.4443e-05
743.2	1.2175e-05
743.4	1.0263e-05
743.6	8.6512e-06
743.8	7.4304e-06
744.0	6.4334e-06
744.2	5.5701e-06
744.4	4.8227e-06
744.6	4.1756e-06
744.8	3.6153e-06
745.0	3.1302e-06
745.2	2.7102e-06
745.4	2.3465e-06
745.6	2.1046e-06
745.8	1.9355e-06
746.0	1.7801e-06
746.2	1.6371e-06
746.4	1.5055e-06
746.6	1.3846e-06
746.8	1.2734e-06
747.0	1.1711e-06
747.2	1.077e-06
747.4	1.0094e-06
747.6	9.6609e-07
747.8	9.2463e-07
748.0	8.8495e-07
748.2	8.4698e-07
748.4	8.1063e-07
748.6	7.7584e-07
748.8	7.4254e-07
749.0	7.1068e-07
749.2	6.9287e-07
749.4	6.9711e-07
749.6	7.0137e-07
749.8	7.0566e-07
750.0	7.0998e-07
750.2	7.1432e-07
750.4	7.1869e-07
750.6	7.2308e-07
750.8	7.2751e-07
751.0	7.3694e-07
751.2	7.6106e-07
751.4	7.8596e-07
751.6	8.1168e-07
751.8	8.3824e-07
752.0	8.6567e-07
752.2	8.94e-07
752.4	9.2326e-07
752.6	9.5347e-07
752.8	9.933e-07
753.0	1.0833e-06
753.2	1.1814e-06
753.4	1.2885e-06
753.6	1.4052e-06
753.8	1.5325e-06
754.0	1.6713e-06
754.2	1.8227e-06
754.4	1.9879e-06
754.6	2.1707e-06
754.8	2.4184e-06
755.0	2.6943e-06
755.2	3.0018e-06
755.4	3.3443e-06
755.6	3.7259e-06
755.8	4.151e-06
756.0	4.6246e-06
756.2	5.1523e-06
756.4	5.7402e-06
756.6	5.4655e-06
756.8	5.1701e-06
757.0	4.8907e-06
757.2	4.6263e-06
757.4	4.3763e-06
757.6	4.1397e-06
757.8	3.916e-06
758.0	3.7043e-06
758.2	3.5041e-06
758.4	3.1205e-06
758.6	2.7529e-06
758.8	2.4286e-06
759.0	2.1425e-06
759.2	1.8901e-06
759.4	1.6674e-06
759.6	1.471e-06
759.8	1.2977e-06
760.0	1.1448e-06
760.2	1.0423e-06
760.4	9.5765e-07
760.6	8.7988e-07
760.8	8.0843e-07
761.0	7.4278e-07
761.2	6.8246e-07
761.4	6.2704e-07
761.6	5.7612e-07
761.8	5.2934e-07
762.0	5.0617e-07
762.2	4.93e-07
762.4	4.8017e-07
762.6	4.6767e-07
762.8	4.5549e-07
763.0	4.4364e-07
763.2	4.3209e-07
763.4	4.2084e-07
763.6	4.0988e-07
763.8	4.0414e-07
764.0	4.0181e-07
764.2	3.995e-07
764.4	3.972e-07
764.6	3.9491e-07
764.8	3.9264e-07
765.0	3.9038e-07
765.2	3.8813e-07
765.4	3.859e-07
765.6	3.8922e-07
765.8	3.9801e-07
766.0	4.0701e-07
766.2	4.1621e-07
766.4	4.2561e-07
766.6	4.3523e-07
766.8	4.4506e-07
767.0	4.5512e-07
767.2	4.6541e-07
767.4	4.7951e-07
767.6	4.9897e-07
767.8	5.1921e-07
768.0	5.4028e-07
768.2	5.6221e-07
768.4	5.8502e-07
768.6	6.0876e-07
768.8	6.3347e-07
769.0	6.5918e-07
769.2	6.9895e-07
769.4	7.6746e-07
769.6	8.4268e-07
769.8	9.2528e-07
770.0	1.016e-06
770.2	1.1156e-06
770.4	1.2249e-06
770.6	1.345e-06
770.8	1.4768e-06
771.0	1.6269e-06
771.2	1.808e-06
771.4	2.0094e-06
771.6	2.2331e-06
771.8	2.4818e-06
772.0	2.7582e-06
772.2	3.0654e-06
772.4	3.4067e-06
772.6	3.7861e-06
772.8	4.1375e-06
773.0	4.2181e-06
773.2	4.3002e-06
773.4	4.384e-06
773.6	4.4694e-06
773.8	4.5564e-06
774.0	4.6452e-06
774.2	4.7357e-06
774.4	4.8279e-06
774.6	4.8727e-06
774.8	4.5838e-06
775.0	4.312e-06
775.2	4.0563e-06
775.4	3.8158e-06
775.6	3.5895e-06
775.8	3.3767e-06
776.0	3.1765e-06
776.2	2.9881e-06
776.4	2.8154e-06
776.6	2.7262e-06
776.8	2.6398e-06
777.0	2.5562e-06
777.2	2.4752e-06
777.4	2.3968e-06
777.6	2.3209e-06
777.8	2.2473e-06
778.0	2.1761e-06
778.2	2.1072e-06
778.4	2.0806e-06
778.6	2.055e-06
778.8	2.0297e-06
779.0	2.0047e-06
779.2	1.98e-06
779.4	1.9557e-06
779.6	1.9316e-06
779.8	1.9078e-06
780.0	1.8843e-06
780.2	1.9116e-06
780.4	1.9437e-06
780.6	1.9764e-06
780.8	2.0097e-06
781.0	2.0435e-06
781.2	2.0779e-06
781.4	2.1129e-06
781.6	2.1484e-06
781.8	2.1846e-06
782.0	2.2579e-06
782.2	2.3399e-06
782.4	2.4249e-06
782.6	2.513e-06
782.8	2.6042e-06
783.0	2.6988e-06
783.2	2.7968e-06
783.4	2.8984e-06
783.6	3.0037e-06
783.8	3.1518e-06
784.0	3.3175e-06
784.2	3.492e-06
784.4	3.6756e-06
784.6	3.8689e-06
784.8	4.0723e-06
785.0	4.2865e-06
785.2	4.5119e-06
785.4	4.7491e-06
785.6	5.086e-06
785.8	5.48e-06
786.0	5.9045e-06
786.2	6.3618e-06
786.4	6.8546e-06
786.6	7.3856e-06
786.8	7.9576e-06
787.0	8.574e-06
787.2	9.2382e-06
787.4	9.9945e-06
787.6	1.0833e-05
787.8	1.1742e-05
788.0	1.2727e-05
788.2	1.3795e-05
788.4	1.4952e-05
788.6	1.6207e-05
788.8	1.7566e-05
789.0	1.904e-05
789.2	2.0302e-05
789.4	2.1445e-05
789.6	2.2652e-05
789.8	2.3927e-05
790.0	2.5274e-05
790.2	2.6697e-05
790.4	2.82e-05
790.6	2.9787e-05
790.8	3.1464e-05
791.0	3.2314e-05
791.2	3.2531e-05
791.4	3.275e-05
791.6	3.2971e-05
791.8	3.3193e-05
792.0	3.3416e-05
792.2	3.3641e-05
792.4	3.3868e-05
792.6	3.4096e-05
792.8	3.4303e-05
793.0	3.4492e-05
793.2	3.4682e-05
793.4	3.4874e-05
793.6	3.5066e-05
793.8	3.526e-05
794.0	3.5454e-05
794.2	3.565e-05
794.4	3.5846e-05
794.6	3.6712e-05
794.8	3.8325e-05
795.0	4.0008e-05
795.2	4.115e-05
795.4	4.2326e-05
795.6	4.3535e-05
795.8	4.4778e-05
796.0	4.6057e-05
796.2	4.7372e-05
796.4	4.979e-05
796.6	5.2879e-05
796.8	5.6159e-05
797.0	5.9643e-05
797.2	6.3343e-05
797.4	6.7272e-05
797.6	7.1445e-05
797.8	7.5877e-05
798.0	8.0584e-05
798.2	8.6506e-05
798.4	9.3438e-05
798.6	1.0092e-04
798.8	1.0901e-04
799.0	1.1775e-04
799.2	1.2718e-04
799.4	1.3737e-04
799.6	1.4838e-04
799.8	1.6027e-04
800.0	1.7093e-04
800.2	1.8078e-04
800.4	1.9119e-04
800.6	2.022e-04
800.8	2.1384e-04
801.0	2.2616e-04
801.2	2.3918e-04
801.4	2.5296e-04
801.6	2.6752e-04
801.8	2.7049e-04
802.0	2.6418e-04
802.2	2.5802e-04
802.4	2.5201e-04
802.6	2.4613e-04
802.8	2.404e-04
803.0	2.3479e-04
803.2	2.3424e-04
803.4	2.2225e-04
803.6	2.027e-04
803.8	1.8487e-04
804.0	1.6861e-04
804.2	1.5378e-04
804.4	1.4025e-04
804.6	1.2792e-04
804.8	1.1667e-04
805.0	1.0641e-04
805.2	9.6788e-05
805.4	8.7789e-05
805.6	7.9626e-05
805.8	7.2222e-05
806.0	6.5507e-05
806.2	5.9416e-05
806.4	5.3891e-05
806.6	4.888e-05
806.8	4.4336e-05
807.0	4.07e-05
807.2	3.8016e-05
807.4	3.5509e-05
807.6	3.3167e-05
807.8	3.0979e-05
808.0	2.8936e-05
808.2	2.7028e-05
808.4	2.5245e-05
808.6	2.358e-05
808.8	2.2238e-05
809.0	2.1378e-05
809.2	2.0552e-05
809.4	1.9757e-05
809.6	1.8993e-05
809.8	1.8258e-05
810.0	1.7552e-05
810.2	1.6874e-05
810.4	1.6221e-05
810.6	1.5726e-05
810.8	1.561e-05
811.0	1.5494e-05
811.2	1.5379e-05
811.4	1.5264e-05
811.6	1.5151e-05
811.8	1.5039e-05
812.0	1.4927e-05
812.2	1.4816e-05
812.4	1.4794e-05
812.6	1.5141e-05
812.8	1.5495e-05
813.0	1.5858e-05
813.2	1.623e-05
813.4	1.661e-05
813.6	1.6999e-05
813.8	1.7398e-05
814.0	1.7805e-05
814.2	1.8336e-05
814.4	1.9686e-05
814.6	2.1136e-05
814.8	2.2692e-05
815.0	2.4362e-05
815.2	2.6156e-05
815.4	2.8082e-05
815.6	3.0149e-05
815.8	3.2369e-05
816.0	3.4785e-05
816.2	3.7859e-05
816.4	4.1204e-05
816.6	4.4845e-05
816.8	4.8807e-05
817.0	5.312e-05
817.2	5.7814e-05
817.4	6.2923e-05
817.6	6.8483e-05
817.8	7.4421e-05
818.0	6.958e-05
818.2	6.5054e-05
818.4	6.0823e-05
818.6	5.6866e-05
818.8	5.3167e-05
819.0	4.9709e-05
819.2	4.6476e-05
819.4	4.3453e-05
819.6	4.0626e-05
819.8	3.5417e-05
820.0	3.0763e-05
820.2	2.672e-05
820.4	2.3208e-05
820.6	2.0158e-05
820.8	1.7509e-05
821.0	1.5208e-05
821.2	1.3209e-05
821.4	1.1473e-05
821.6	1.0319e-05
821.8	9.3181e-06
822.0	8.4147e-06
822.2	7.5989e-06
822.4	6.8622e-06
822.6	6.1969e-06
822.8	5.5961e-06
823.0	5.0536e-06
823.2	4.5636e-06
823.4	4.2537e-06
823.6	3.9888e-06
823.8	3.7404e-06
824.0	3.5075e-06
824.2	3.2891e-06
824.4	3.0843e-06
824.6	2.8922e-06
824.8	2.7121e-06
825.0	2.5432e-06
825.2	2.4492e-06
825.4	2.3754e-06
825.6	2.3038e-06
825.8	2.2344e-06
826.0	2.1671e-06
826.2	2.1018e-06
826.4	2.0385e-06
826.6	1.9771e-06
826.8	1.9176e-06
827.0	1.8556e-06
827.2	1.7942e-06
827.4	1.7349e-06
827.6	1.6775e-06
827.8	1.622e-06
828.0	1.5683e-06
828.2	1.5164e-06
828.4	1.4663e-06
828.6	1.4178e-06
828.8	1.4173e-06
829.0	1.4377e-06
829.2	1.4583e-06
829.4	1.4793e-06
829.6	1.5005e-06
829.8	1.5221e-06
830.0	1.5439e-06
830.2	1.5661e-06
830.4	1.5886e-06
830.6	1.6047e-06
830.8	1.6174e-06
831.0	1.6301e-06
831.2	1.643e-06
831.4	1.6559e-06
831.6	1.669e-06
831.8	1.6822e-06
832.0	1.6954e-06
832.2	1.7088e-06
832.4	1.7542e-06
832.6	1.8221e-06
832.8	1.8927e-06
833.0	1.9659e-06
833.2	2.042e-06
833.4	2.1211e-06
833.6	2.2032e-06
833.8	2.2885e-06
834.0	2.3771e-06
834.2	2.5104e-06
834.4	2.6847e-06
834.6	2.8711e-06
834.8	3.0705e-06
835.0	3.2837e-06
835.2	3.5117e-06
835.4	3.7555e-06
835.6	4.0162e-06
835.8	4.2951e-06
836.0	4.7337e-06
836.2	5.3584e-06
836.4	6.0656e-06
836.6	6.866e-06
836.8	7.7721e-06
837.0	8.7978e-06
837.2	9.9588e-06
837.4	1.1273e-05
837.6	1.2761e-05
837.8	1.4382e-05
838.0	1.6139e-05
838.2	1.8109e-05
838.4	2.0321e-05
838.6	2.2802e-05
838.8	2.5587e-05
839.0	2.8711e-05
839.2	3.2218e-05
839.4	3.6152e-05
839.6	3.7073e-05
839.8	3.4277e-05
840.0	3.1692e-05
840.2	2.9302e-05
840.4	2.7092e-05
840.6	2.5048e-05
840.8	2.3159e-05
841.0	2.1413e-05
841.2	1.9798e-05
841.4	1.802e-05
841.6	1.6072e-05
841.8	1.4335e-05
842.0	1.2786e-05
842.2	1.1404e-05
842.4	1.0171e-05
842.6	9.0716e-06
842.8	8.0911e-06
843.0	7.2165e-06
843.2	6.5789e-06
843.4	6.1935e-06
843.6	5.8307e-06
843.8	5.4892e-06
844.0	5.1676e-06
844.2	4.8649e-06
844.4	4.5799e-06
844.6	4.3116e-06
844.8	4.0591e-06
845.0	3.8704e-06
845.2	3.768e-06
845.4	3.6683e-06
845.6	3.5713e-06
845.8	3.4769e-06
846.0	3.3849e-06
846.2	3.2954e-06
846.4	3.2082e-06
846.6	3.1234e-06
846.8	3.0691e-06
847.0	3.0658e-06
847.2	3.0625e-06
847.4	3.0592e-06
847.6	3.0559e-06
847.8	3.0526e-06
848.0	3.0493e-06
848.2	3.046e-06
848.4	3.0428e-06
848.6	3.0553e-06
848.8	3.099e-06
849.0	3.1433e-06
849.2	3.1882e-06
849.4	3.2337e-06
849.6	3.2799e-06
849.8	3.3268e-06
850.0	3.3743e-06
850.2	3.4226e-06
850.4	3.4824e-06
850.6	3.5671e-06
850.8	3.6539e-06
851.0	3.7428e-06
851.2	3.8339e-06
851.4	3.9271e-06
851.6	4.0226e-06
851.8	4.1205e-06
852.0	4.2207e-06
852.2	4.3525e-06
852.4	4.5576e-06
852.6	4.7724e-06
852.8	4.9973e-06
853.0	5.2328e-06
853.2	5.4794e-06
853.4	5.7376e-06
853.6	6.008e-06
853.8	6.2911e-06
854.0	6.6483e-06
854.2	7.1813e-06
854.4	7.7571e-06
854.6	8.379e-06
854.8	9.0508e-06
855.0	9.7764e-06
855.2	1.056e-05
855.4	1.1407e-05
855.6	1.2321e-05
855.8	1.3455e-05
856.0	1.5109e-05
856.2	1.6966e-05
856.4	1.9052e-05
856.6	2.1395e-05
856.8	2.4025e-05
857.0	2.6979e-05
857.2	3.0295e-05
857.4	3.402e-05
857.6	3.8579e-05
857.8	4.4897e-05
858.0	5.2249e-05
858.2	6.0805e-05
858.4	7.0763e-05
858.6	8.2351e-05
858.8	9.5837e-05
859.0	1.1153e-04
859.2	1.298e-04
859.4	1.4498e-04
859.6	1.445e-04
859.8	1.4404e-04
860.0	1.4357e-04
860.2	1.431e-04
860.4	1.4264e-04
860.6	1.4217e-04
860.8	1.4171e-04
861.0	1.4125e-04
861.2	1.37e-04
861.4	1.2318e-04
861.6	1.1075e-04
861.8	9.9571e-05
862.0	8.9524e-05
862.2	8.049e-05
862.4	7.2368e-05
862.6	6.5065e-05
862.8	5.85e-05
863.0	5.3308e-05
863.2	5.0419e-05
863.4	4.7688e-05
863.6	4.5104e-05
863.8	4.266e-05
864.0	4.0349e-05
864.2	3.8163e-05
864.4	3.6095e-05
864.6	3.414e-05
864.8	3.2665e-05
865.0	3.2273e-05
865.2	3.1885e-05
865.4	3.1502e-05
865.6	3.1123e-05
865.8	3.0749e-05
866.0	3.038e-05
866.2	3.0014e-05
866.4	2.9654e-05
866.6	2.9575e-05
866.8	3.0278e-05
867.0	3.0997e-05
867.2	3.1733e-05
867.4	3.2487e-05
867.6	3.3259e-05
867.8	3.405e-05
868.0	3.4859e-05
868.2	3.5791e-05
868.4	3.6748e-05
868.6	3.8946e-05
868.8	4.1543e-05
869.0	4.4314e-05
869.2	4.727e-05
869.4	5.0423e-05
869.6	5.3786e-05
869.8	5.7373e-05
870.0	6.12e-05
870.2	6.5281e-05
870.4	7.1591e-05
870.6	7.909e-05
870.8	8.7374e-05
871.0	9.6526e-05
871.2	1.0664e-04
871.4	1.1781e-04
871.6	1.3015e-04
871.8	1.4378e-04
872.0	1.5884e-04
872.2	1.6558e-04
872.4	1.6939e-04
872.6	1.7329e-04
872.8	1.7727e-04
873.0	1.8135e-04
873.2	1.8552e-04
873.4	1.8979e-04
873.6	1.9415e-04
873.8	1.9862e-04
874.0	1.8678e-04
874.2	1.7013e-04
874.4	1.5497e-04
874.6	1.4115e-04
874.8	1.2857e-04
875.0	1.1711e-04
875.2	1.0667e-04
875.4	9.7161e-05
875.6	8.85e-05
875.8	8.1298e-05
876.0	7.4968e-05
876.2	6.9131e-05
876.4	6.3749e-05
876.6	5.8785e-05
876.8	5.4208e-05
877.0	4.9987e-05
877.2	4.6095e-05
877.4	4.2506e-05
877.6	4.0129e-05
877.8	3.8337e-05
878.0	3.6624e-05
878.2	3.4988e-05
878.4	3.3425e-05
878.6	3.1932e-05
878.8	3.0505e-05
879.0	2.9142e-05
879.2	2.784e-05
879.4	2.7108e-05
879.6	2.668e-05
879.8	2.6258e-05
880.0	2.5842e-05
880.2	2.5434e-05
880.4	2.5032e-05
880.6	2.4636e-05
880.8	2.4246e-05
881.0	2.3863e-05
881.2	2.3733e-05
881.4	2.3758e-05
881.6	2.3784e-05
881.8	2.381e-05
882.0	2.3836e-05
882.2	2.3861e-05
882.4	2.3887e-05
882.6	2.3913e-05
882.8	2.3939e-05
883.0	2.4246e-05
883.2	2.4753e-05
883.4	2.5271e-05
883.6	2.5799e-05
883.8	2.6338e-05
884.0	2.6889e-05
884.2	2.7451e-05
884.4	2.8025e-05
884.6	2.8611e-05
884.8	2.9476e-05
885.0	3.0572e-05
885.2	3.1708e-05
885.4	3.2887e-05
885.6	3.411e-05
885.8	3.5378e-05
886.0	3.6693e-05
886.2	3.8057e-05
886.4	3.9472e-05
886.6	4.1275e-05
886.8	4.3437e-05
887.0	4.5712e-05
887.2	4.8106e-05
887.4	5.0626e-05
887.6	5.3277e-05
887.8	5.6068e-05
888.0	5.9005e-05
888.2	6.2095e-05
888.4	6.5778e-05
888.6	7.0062e-05
888.8	7.4626e-05
889.0	7.9486e-05
889.2	8.4663e-05
889.4	9.0177e-05
889.6	9.6051e-05
889.8	1.0231e-04
890.0	1.0897e-04
890.2	1.1492e-04
890.4	1.2016e-04
890.6	1.2564e-04
890.8	1.3136e-04
891.0	1.3735e-04
891.2	1.4361e-04
891.4	1.5016e-04
891.6	1.57e-04
891.8	1.6416e-04
892.0	1.6695e-04
892.2	1.6558e-04
892.4	1.6422e-04
892.6	1.6287e-04
892.8	1.6153e-04
893.0	1.6021e-04
893.2	1.5889e-04
893.4	1.5759e-04
893.6	1.5629e-04
893.8	1.5197e-04
894.0	1.4508e-04
894.2	1.3851e-04
894.4	1.3223e-04
894.6	1.2624e-04
894.8	1.2052e-04
895.0	1.1506e-04
895.2	1.0984e-04
895.4	1.0487e-04
895.6	1.0017e-04
895.8	9.5741e-05
896.0	9.1505e-05
896.2	8.7456e-05
896.4	8.3586e-05
896.6	7.9888e-05
896.8	7.6353e-05
897.0	7.2975e-05
897.2	6.9746e-05
897.4	6.7061e-05
897.6	6.4853e-05
897.8	6.2717e-05
898.0	6.0652e-05
898.2	5.8654e-05
898.4	5.6723e-05
898.6	5.4855e-05
898.8	5.3048e-05
899.0	5.1301e-05
899.2	5.0046e-05
899.4	4.9231e-05
899.6	4.843e-05
899.8	4.7641e-05
900.0	4.6866e-05
900.2	4.6103e-05
900.4	4.5352e-05
900.6	4.4614e-05
900.8	4.3888e-05
901.0	4.3512e-05
901.2	4.3457e-05
901.4	4.3403e-05
901.6	4.3349e-05
901.8	4.3294e-05
902.0	4.324e-05
902.2	4.3186e-05
902.4	4.3132e-05
902.6	4.3078e-05
902.8	4.3403e-05
903.0	4.4086e-05
903.2	4.4779e-05
903.4	4.5484e-05
903.6	4.6199e-05
903.8	4.6926e-05
904.0	4.7665e-05
904.2	4.8415e-05
904.4	4.9176e-05
904.6	5.0293e-05
904.8	5.1755e-05
905.0	5.3259e-05
905.2	5.4807e-05
905.4	5.64e-05
905.6	5.8039e-05
905.8	5.9726e-05
906.0	6.1461e-05
906.2	6.3248e-05
906.4	6.5789e-05
906.6	6.9074e-05
906.8	7.2523e-05
907.0	7.6144e-05
907.2	7.9946e-05
907.4	8.3937e-05
907.6	8.8128e-05
907.8	9.2529e-05
908.0	9.7149e-05
908.2	1.025e-04
908.4	1.0857e-04
908.6	1.1501e-04
908.8	1.2183e-04
909.0	1.2905e-04
909.2	1.367e-04
909.4	1.448e-04
909.6	1.5339e-04
909.8	1.6248e-04
910.0	1.6971e-04
910.2	1.7534e-04
910.4	1.8116e-04
910.6	1.8718e-04
910.8	1.9339e-04
911.0	1.9981e-04
911.2	2.0645e-04
911.4	2.133e-04
911.6	2.2038e-04
911.8	2.2082e-04
912.0	2.1639e-04
912.2	2.1205e-04
912.4	2.078e-04
912.6	2.0364e-04
912.8	1.9955e-04
913.0	1.9555e-04
913.2	1.9163e-04
913.4	1.8779e-04
913.6	1.816e-04
913.8	1.7407e-04
914.0	1.6686e-04
914.2	1.5994e-04
914.4	1.5331e-04
914.6	1.4695e-04
914.8	1.4086e-04
915.0	1.3502e-04
915.2	1.2942e-04
915.4	1.2477e-04
915.6	1.207e-04
915.8	1.1676e-04
916.0	1.1295e-04
916.2	1.0927e-04
916.4	1.0571e-04
916.6	1.0226e-04
916.8	9.8926e-05
917.0	9.57e-05
917.2	9.3799e-05
917.4	9.26e-05
917.6	9.1417e-05
917.8	9.0249e-05
918.0	8.9096e-05
918.2	8.7957e-05
918.4	8.6833e-05
918.6	8.5724e-05
918.8	8.4628e-05
919.0	8.4712e-05
919.2	8.5377e-05
919.4	8.6047e-05
919.6	8.6722e-05
919.8	8.7403e-05
920.0	8.8089e-05
920.2	8.878e-05
920.4	8.9476e-05
920.6	9.0179e-05
920.8	9.1967e-05
921.0	9.4267e-05
921.2	9.6624e-05
921.4	9.9041e-05
921.6	1.0152e-04
921.8	1.0406e-04
922.0	1.0666e-04
922.2	1.0933e-04
922.4	1.1206e-04
922.6	1.1555e-04
922.8	1.1941e-04
923.0	1.234e-04
923.2	1.2752e-04
923.4	1.3178e-04
923.6	1.3618e-04
923.8	1.4073e-04
924.0	1.4543e-04
924.2	1.5029e-04
924.4	1.5322e-04
924.6	1.5556e-04
924.8	1.5793e-04
925.0	1.6035e-04
925.2	1.628e-04
925.4	1.6528e-04
925.6	1.6781e-04
925.8	1.7037e-04
926.0	1.7297e-04
926.2	1.7015e-04
926.4	1.6605e-04
926.6	1.6205e-04
926.8	1.5815e-04
927.0	1.5434e-04
927.2	1.5062e-04
927.4	1.47e-04
927.6	1.4346e-04
927.8	1.4e-04
928.0	1.343e-04
928.2	1.2841e-04
928.4	1.2278e-04
928.6	1.1739e-04
928.8	1.1224e-04
929.0	1.0732e-04
929.2	1.0261e-04
929.4	9.8112e-05
929.6	9.3809e-05
929.8	8.9974e-05
930.0	8.6331e-05
930.2	8.2837e-05
930.4	7.9483e-05
930.6	7.6266e-05
930.8	7.3179e-05
931.0	7.0216e-05
931.2	6.7374e-05
931.4	6.4647e-05
931.6	6.2587e-05
931.8	6.0636e-05
932.0	5.8747e-05
932.2	5.7267e-05
932.4	5.5824e-05
932.6	5.4417e-05
932.8	5.3046e-05
933.0	5.171e-05
933.2	5.0407e-05
933.4	4.9137e-05
933.6	4.7899e-05
933.8	4.7071e-05
934.0	4.6691e-05
934.2	4.6315e-05
934.4	4.5941e-05
934.6	4.557e-05
934.8	4.5202e-05
935.0	4.4838e-05
935.2	4.4476e-05
935.4	4.4117e-05
935.6	4.3993e-05
935.8	4.4118e-05
936.0	4.4243e-05
936.2	4.4368e-05
936.4	4.4494e-05
936.6	4.462e-05
936.8	4.4746e-05
937.0	4.4873e-05
937.2	4.5e-05
937.4	4.5407e-05
937.6	4.6091e-05
937.8	4.6785e-05
938.0	4.749e-05
938.2	4.8206e-05
938.4	4.8932e-05
938.6	4.9669e-05
938.8	5.0418e-05
939.0	5.1177e-05
939.2	5.2377e-05
939.4	5.3988e-05
939.6	5.565e-05
939.8	5.7362e-05
940.0	5.9127e-05
940.2	6.0946e-05
940.4	6.2821e-05
940.6	6.4754e-05
940.8	6.6747e-05
941.0	6.9066e-05
941.2	7.1683e-05
941.4	7.44e-05
941.6	7.7219e-05
941.8	8.0145e-05
942.0	8.3183e-05
942.2	8.6335e-05
942.4	8.9606e-05
942.6	9.3002e-05
942.8	9.6955e-05
943.0	1.0139e-04
943.2	1.0602e-04
943.4	1.1087e-04
943.6	1.1594e-04
943.8	1.2124e-04
944.0	1.2679e-04
944.2	1.3258e-04
944.4	1.3865e-04
944.6	1.4432e-04
944.8	1.4981e-04
945.0	1.5551e-04
945.2	1.6142e-04
945.4	1.6756e-04
945.6	1.7393e-04
945.8	1.8055e-04
946.0	1.8742e-04
946.2	1.9455e-04
946.4	1.9937e-04
946.6	2.0296e-04
946.8	2.0662e-04
947.0	2.1035e-04
947.2	2.1414e-04
947.4	2.1801e-04
947.6	2.2194e-04
947.8	2.2594e-04
948.0	2.3001e-04
948.2	2.3044e-04
948.4	2.2924e-04
948.6	2.2805e-04
948.8	2.2686e-04
949.0	2.2569e-04
949.2	2.2451e-04
949.4	2.2335e-04
949.6	2.2219e-04
949.8	2.2103e-04
950.0	2.1821e-04
950.2	2.1483e-04
950.4	2.1151e-04
950.6	2.0823e-04
950.8	2.0501e-04
951.0	2.0184e-04
951.2	1.9871e-04
951.4	1.9563e-04
951.6	1.926e-04
951.8	1.8963e-04
952.0	1.8671e-04
952.2	1.8384e-04
952.4	1.81e-04
952.6	1.7822e-04
952.8	1.7547e-04
953.0	1.7277e-04
953.2	1.7011e-04
953.4	1.6748e-04
953.6	1.6552e-04
953.8	1.6372e-04
954.0	1.6193e-04
954.2	1.6016e-04
954.4	1.5842e-04
954.6	1.5669e-04
954.8	1.5498e-04
955.0	1.5329e-04
955.2	1.5162e-04
955.4	1.5062e-04
955.6	1.4973e-04
955.8	1.4885e-04
956.0	1.4797e-04
956.2	1.471e-04
956.4	1.4623e-04
956.6	1.4537e-04
956.8	1.4451e-04
957.0	1.4366e-04
957.2	1.4325e-04
957.4	1.4288e-04
957.6	1.4252e-04
957.8	1.4215e-04
958.0	1.4179e-04
958.2	1.4143e-04
958.4	1.4107e-04
958.6	1.4071e-04
958.8	1.4035e-04
959.0	1.4107e-04
959.2	1.4185e-04
959.4	1.4262e-04
959.6	1.434e-04
959.8	1.4418e-04
960.0	1.4497e-04
960.2	1.4577e-04
960.4	1.4656e-04
960.6	1.4738e-04
960.8	1.4896e-04
961.0	1.5055e-04
961.2	1.5216e-04
961.4	1.5379e-04
961.6	1.5544e-04
961.8	1.571e-04
962.0	1.5878e-04
962.2	1.6048e-04
962.4	1.6224e-04
962.6	1.6454e-04
962.8	1.6687e-04
963.0	1.6923e-04
963.2	1.7163e-04
963.4	1.7406e-04
963.6	1.7652e-04
963.8	1.7902e-04
964.0	1.8156e-04
964.2	1.841e-04
964.4	1.8647e-04
964.6	1.8888e-04
964.8	1.9131e-04
965.0	1.9378e-04
965.2	1.9628e-04
965.4	1.9882e-04
965.6	2.0138e-04
965.8	2.0398e-04
966.0	2.061e-04
966.2	2.0611e-04
966.4	2.0611e-04
966.6	2.0612e-04
966.8	2.0613e-04
967.0	2.0614e-04
967.2	2.0615e-04
967.4	2.0616e-04
967.6	2.0617e-04
967.8	2.0519e-04
968.0	2.0144e-04
968.2	1.9776e-04
968.4	1.9414e-04
968.6	1.9059e-04
968.8	1.8711e-04
969.0	1.8369e-04
969.2	1.8033e-04
969.4	1.7703e-04
969.6	1.7305e-04
969.8	1.6763e-04
970.0	1.6239e-04
970.2	1.5731e-04
970.4	1.5239e-04
970.6	1.4762e-04
970.8	1.43e-04
971.0	1.3853e-04
971.2	1.3419e-04
971.4	1.3038e-04
971.6	1.2727e-04
971.8	1.2423e-04
972.0	1.2127e-04
972.2	1.1748e-04
972.4	1.1381e-04
972.6	1.1025e-04
972.8	1.0681e-04
973.0	1.0347e-04
973.2	1.0024e-04
973.4	9.7104e-05
973.6	9.407e-05
973.8	9.113e-05
974.0	8.8283e-05
974.2	8.5524e-05
974.4	8.2851e-05
974.6	8.0489e-05
974.8	7.9203e-05
975.0	7.7937e-05
975.2	7.6692e-05
975.4	7.5467e-05
975.6	7.4261e-05
975.8	7.3074e-05
976.0	7.1907e-05
976.2	7.0758e-05
976.4	6.9628e-05
976.6	6.8515e-05
976.8	6.7421e-05
977.0	6.6343e-05
977.2	6.5283e-05
977.4	6.424e-05
977.6	6.3214e-05
977.8	6.2204e-05
978.0	6.121e-05
978.2	6.055e-05
978.4	6.0903e-05
978.6	6.1258e-05
978.8	6.1615e-05
979.0	6.1974e-05
979.2	6.2335e-05
979.4	6.2698e-05
979.6	6.3064e-05
979.8	6.3431e-05
980.0	6.3801e-05
980.2	6.4173e-05
980.4	6.4547e-05
980.6	6.4923e-05
980.8	6.5301e-05
981.0	6.5682e-05
981.2	6.6065e-05
981.4	6.645e-05
981.6	6.6837e-05
981.8	6.7656e-05
982.0	6.944e-05
982.2	7.127e-05
982.4	7.3149e-05
982.6	7.5078e-05
982.8	7.7057e-05
983.0	7.9088e-05
983.2	8.1174e-05
983.4	8.3314e-05
983.6	8.551e-05
983.8	8.7764e-05
984.0	9.0078e-05
984.2	9.2453e-05
984.4	9.489e-05
984.6	9.7392e-05
984.8	9.996e-05
985.0	1.0259e-04
985.2	1.053e-04
985.4	1.0832e-04
985.6	1.118e-04
985.8	1.154e-04
986.0	1.1911e-04
986.2	1.2295e-04
986.4	1.269e-04
986.6	1.3099e-04
986.8	1.352e-04
987.0	1.3955e-04
987.2	1.4404e-04
987.4	1.4867e-04
987.6	1.5346e-04
987.8	1.584e-04
988.0	1.6349e-04
988.2	1.6875e-04
988.4	1.7418e-04
988.6	1.7979e-04
988.8	1.8557e-04
989.0	1.8908e-04
989.2	1.9002e-04
989.4	1.9096e-04
989.6	1.9191e-04
989.8	1.9286e-04
990.0	1.9382e-04
990.2	1.9478e-04
990.4	1.9575e-04
990.6	1.9672e-04
990.8	1.977e-04
991.0	1.9868e-04
991.2	1.9967e-04
991.4	2.0066e-04
991.6	2.0166e-04
991.8	2.0266e-04
992.0	2.0367e-04
992.2	2.0468e-04
992.4	2.057e-04
992.6	2.0434e-04
992.8	2.0134e-04
993.0	1.9838e-04
993.2	1.9547e-04
993.4	1.926e-04
993.6	1.8977e-04
993.8	1.8698e-04
994.0	1.8423e-04
994.2	1.8153e-04
994.4	1.7886e-04
994.6	1.7623e-04
994.8	1.7364e-04
995.0	1.7109e-04
995.2	1.6858e-04
995.4	1.661e-04
995.6	1.6366e-04
995.8	1.6126e-04
996.0	1.5889e-04
996.2	1.5767e-04
996.4	1.5695e-04
996.6	1.5624e-04
996.8	1.5553e-04
997.0	1.5483e-04
997.2	1.5412e-04
997.4	1.5342e-04
997.6	1.5273e-04
997.8	1.5204e-04
998.0	1.5135e-04
998.2	1.5066e-04
998.4	1.4998e-04
998.6	1.493e-04
998.8	1.4862e-04
999.0	1.4794e-04
999.2	1.4727e-04
999.4	1.466e-04
999.6	1.4594e-04
999.8	1.4843e-04
1000.0	1.5172e-04
1000.2	1.5145e-04
1000.4	1.5118e-04
1000.6	1.5091e-04
1000.8	1.5064e-04
1001.0	1.5037e-04
1001.2	1.5214e-04
1001.4	1.545e-04
1001.6	1.5689e-04
1001.8	1.5932e-04
1002.0	1.6179e-04
1002.2	1.643e-04
1002.4	1.6684e-04
1002.6	1.6943e-04
1002.8	1.7205e-04
1003.0	1.7472e-04
1003.2	1.7742e-04
1003.4	1.8017e-04
1003.6	1.8296e-04
1003.8	1.858e-04
1004.0	1.8868e-04
1004.2	1.916e-04
1004.4	1.9457e-04
1004.6	1.9758e-04
1004.8	1.992e-04
1005.0	2.0061e-04
1005.2	2.0204e-04
1005.4	2.0348e-04
1005.6	2.0493e-04
1005.8	2.0639e-04
1006.0	2.0786e-04
1006.2	2.0934e-04
1006.4	2.1083e-04
1006.6	2.1233e-04
1006.8	2.1384e-04
1007.0	2.1537e-04
1007.2	2.169e-04
1007.4	2.1844e-04
1007.6	2.2e-04
1007.8	2.2157e-04
1008.0	2.2314e-04
1008.2	2.2473e-04
1008.4	2.2071e-04
1008.6	2.1661e-04
1008.8	2.126e-04
1009.0	2.0865e-04
1009.2	2.0478e-04
1009.4	2.0098e-04
1009.6	1.9726e-04
1009.8	1.936e-04
1010.0	1.9001e-04
1010.2	1.8648e-04
1010.4	1.8302e-04
1010.6	1.7963e-04
1010.8	1.763e-04
1011.0	1.7302e-04
1011.2	1.6982e-04
1011.4	1.6667e-04
1011.6	1.6357e-04
1011.8	1.6042e-04
1012.0	1.5613e-04
1012.2	1.5194e-04
1012.4	1.4787e-04
1012.6	1.4391e-04
1012.8	1.4006e-04
1013.0	1.363e-04
1013.2	1.3265e-04
1013.4	1.291e-04
1013.6	1.2564e-04
1013.8	1.2227e-04
1014.0	1.19e-04
1014.2	1.1581e-04
1014.4	1.1271e-04
1014.6	1.0969e-04
1014.8	1.0675e-04
1015.0	1.0389e-04
1015.2	1.011e-04
1015.4	9.8631e-05
1015.6	9.7113e-05
1015.8	9.5619e-05
1016.0	9.4148e-05
1016.2	9.27e-05
1016.4	9.1274e-05
1016.6	8.987e-05
1016.8	8.8487e-05
1017.0	8.7126e-05
1017.2	8.5786e-05
1017.4	8.4466e-05
1017.6	8.3167e-05
1017.8	8.1887e-05
1018.0	8.0628e-05
1018.2	7.9387e-05
1018.4	7.8166e-05
1018.6	7.6963e-05
1018.8	7.5779e-05
1019.0	7.5083e-05
1019.2	7.5326e-05
1019.4	7.5569e-05
1019.6	7.5812e-05
1019.8	7.6057e-05
1020.0	7.6303e-05
1020.2	7.6549e-05
1020.4	7.6796e-05
1020.6	7.7044e-05
1020.8	7.7292e-05
1021.0	7.7542e-05
1021.2	7.7792e-05
1021.4	7.8043e-05
1021.6	7.8295e-05
1021.8	7.8547e-05
1022.0	7.8801e-05
1022.2	7.9055e-05
1022.4	7.931e-05
1022.6	8.0418e-05
1022.8	8.2508e-05
1023.0	8.4652e-05
1023.2	8.6852e-05
1023.4	8.9109e-05
1023.6	9.1424e-05
1023.8	9.38e-05
1024.0	9.6237e-05
1024.2	9.8738e-05
1024.4	1.013e-04
1024.6	1.0394e-04
1024.8	1.0664e-04
1025.0	1.0941e-04
1025.2	1.1129e-04
1025.4	1.1321e-04
1025.6	1.1515e-04
1025.8	1.1714e-04
1026.0	1.1915e-04
1026.2	1.217e-04
1026.4	1.2492e-04
1026.6	1.2822e-04
1026.8	1.3161e-04
1027.0	1.3509e-04
1027.2	1.3866e-04
1027.4	1.4233e-04
1027.6	1.4609e-04
1027.8	1.4996e-04
1028.0	1.5392e-04
1028.2	1.58e-04
1028.4	1.6217e-04
1028.6	1.6646e-04
1028.8	1.7086e-04
1029.0	1.7538e-04
1029.2	1.8002e-04
1029.4	1.8478e-04
1029.6	1.8967e-04
1029.8	1.8944e-04
1030.0	1.8544e-04
1030.2	1.8151e-04
1030.4	1.7767e-04
1030.6	1.7392e-04
1030.8	1.7024e-04
1031.0	1.6664e-04
1031.2	1.6311e-04
1031.4	1.5966e-04
1031.6	1.5629e-04
1031.8	1.5298e-04
1032.0	1.4974e-04
1032.2	1.4658e-04
1032.4	1.4348e-04
1032.6	1.4044e-04
1032.8	1.3747e-04
1033.0	1.3456e-04
1033.2	1.3172e-04
1033.4	1.2703e-04
1033.6	1.2176e-04
1033.8	1.1672e-04
1034.0	1.1188e-04
1034.2	1.0724e-04
1034.4	1.028e-04
1034.6	9.8538e-05
1034.8	9.4454e-05
1035.0	9.054e-05
1035.2	8.6787e-05
1035.4	8.319e-05
1035.6	7.9743e-05
1035.8	7.6438e-05
1036.0	7.327e-05
1036.2	7.0233e-05
1036.4	6.7322e-05
1036.6	6.4532e-05
1036.8	6.1858e-05
1037.0	6.0238e-05
1037.2	5.8824e-05
1037.4	5.7443e-05
1037.6	5.6095e-05
1037.8	5.4779e-05
1038.0	5.3493e-05
1038.2	5.2238e-05
1038.4	5.1012e-05
1038.6	4.9814e-05
1038.8	4.8645e-05
1039.0	4.7504e-05
1039.2	4.6389e-05
1039.4	4.53e-05
1039.6	4.4237e-05
1039.8	4.3199e-05
1040.0	4.2185e-05
1040.2	4.1195e-05
1040.4	4.0233e-05
1040.6	4.0257e-05
1040.8	4.0282e-05
1041.0	4.0307e-05
1041.2	4.0331e-05
1041.4	4.0356e-05
1041.6	4.0381e-05
1041.8	4.0406e-05
1042.0	4.043e-05
1042.2	4.0455e-05
1042.4	4.048e-05
1042.6	4.0505e-05
1042.8	4.053e-05
1043.0	4.0555e-05
1043.2	4.0579e-05
1043.4	4.0604e-05
1043.6	4.0629e-05
1043.8	4.0654e-05
1044.0	4.0853e-05
1044.2	4.1952e-05
1044.4	4.308e-05
1044.6	4.4239e-05
1044.8	4.5428e-05
1045.0	4.665e-05
1045.2	4.6837e-05
1045.4	4.7024e-05
1045.6	4.7212e-05
1045.8	4.7401e-05
1046.0	4.7591e-05
1046.2	4.8168e-05
1046.4	4.9945e-05
1046.6	5.1788e-05
1046.8	5.3699e-05
1047.0	5.568e-05
1047.2	5.7734e-05
1047.4	5.9864e-05
1047.6	6.2073e-05
1047.8	6.4363e-05
1048.0	6.6737e-05
1048.2	6.9199e-05
1048.4	7.1752e-05
1048.6	7.44e-05
1048.8	7.7145e-05
1049.0	7.9991e-05
1049.2	8.2942e-05
1049.4	8.6002e-05
1049.6	8.9175e-05
1049.8	9.2431e-05
1050.0	9.5753e-05
1050.2	9.9194e-05
1050.4	1.0276e-04
1050.6	1.0645e-04
1050.8	1.1028e-04
1051.0	1.1424e-04
1051.2	1.1835e-04
1051.4	1.226e-04
1051.6	1.2701e-04
1051.8	1.3157e-04
1052.0	1.363e-04
1052.2	1.412e-04
1052.4	1.4628e-04
1052.6	1.5153e-04
1052.8	1.5698e-04
1053.0	1.6262e-04
1053.2	1.6847e-04
1053.4	1.702e-04
1053.6	1.686e-04
1053.8	1.6701e-04
1054.0	1.6543e-04
1054.2	1.6387e-04
1054.4	1.6233e-04
1054.6	1.608e-04
1054.8	1.5929e-04
1055.0	1.5778e-04
1055.2	1.563e-04
1055.4	1.5482e-04
1055.6	1.5337e-04
1055.8	1.5192e-04
1056.0	1.5049e-04
1056.2	1.4907e-04
1056.4	1.4767e-04
1056.6	1.4627e-04
1056.8	1.449e-04
1057.0	1.418e-04
1057.2	1.3816e-04
1057.4	1.346e-04
1057.6	1.3114e-04
1057.8	1.2777e-04
1058.0	1.2448e-04
1058.2	1.2128e-04
1058.4	1.1816e-04
1058.6	1.1512e-04
1058.8	1.1216e-04
1059.0	1.0928e-04
1059.2	1.0647e-04
1059.4	1.0373e-04
1059.6	1.0106e-04
1059.8	9.8464e-05
1060.0	9.5932e-05
1060.2	9.3465e-05
1060.4	9.1061e-05
1060.6	9.0337e-05
1060.8	8.9788e-05
1061.0	8.9243e-05
1061.2	8.8701e-05
1061.4	8.8162e-05
1061.6	8.7627e-05
1061.8	8.7094e-05
1062.0	8.6565e-05
1062.2	8.6039e-05
1062.4	8.5517e-05
1062.6	8.4997e-05
1062.8	8.4481e-05
1063.0	8.3968e-05
1063.2	8.3458e-05
1063.4	8.2951e-05
1063.6	8.2447e-05
1063.8	8.1946e-05
1064.0	8.1624e-05
1064.2	8.2988e-05
1064.4	8.4376e-05
1064.6	8.5786e-05
1064.8	8.722e-05
1065.0	8.8677e-05
1065.2	8.8741e-05
1065.4	8.8805e-05
1065.6	8.8869e-05
1065.8	8.8933e-05
1066.0	8.8997e-05
1066.2	8.9061e-05
1066.4	9.1304e-05
1066.6	9.3649e-05
1066.8	9.6054e-05
1067.0	9.8521e-05
1067.2	1.0105e-04
1067.4	1.0365e-04
1067.6	1.0631e-04
1067.8	1.0904e-04
1068.0	1.1184e-04
1068.2	1.1471e-04
1068.4	1.1766e-04
1068.6	1.2068e-04
1068.8	1.2378e-04
1069.0	1.2696e-04
1069.2	1.3022e-04
1069.4	1.3357e-04
1069.6	1.37e-04
1069.8	1.401e-04
1070.0	1.4107e-04
1070.2	1.4204e-04
1070.4	1.4303e-04
1070.6	1.4402e-04
1070.8	1.4501e-04
1071.0	1.4601e-04
1071.2	1.4702e-04
1071.4	1.4804e-04
1071.6	1.4906e-04
1071.8	1.5009e-04
1072.0	1.5113e-04
1072.2	1.5217e-04
1072.4	1.5323e-04
1072.6	1.5428e-04
1072.8	1.5535e-04
1073.0	1.5642e-04
1073.2	1.5751e-04
1073.4	1.5702e-04
1073.6	1.5361e-04
1073.8	1.5028e-04
1074.0	1.4701e-04
1074.2	1.4382e-04
1074.4	1.4069e-04
1074.6	1.3764e-04
1074.8	1.3465e-04
1075.0	1.3172e-04
1075.2	1.2886e-04
1075.4	1.2606e-04
1075.6	1.2332e-04
1075.8	1.2064e-04
1076.0	1.1802e-04
1076.2	1.1546e-04
1076.4	1.1295e-04
1076.6	1.1049e-04
1076.8	1.0809e-04
1077.0	1.059e-04
1077.2	1.0389e-04
1077.4	1.0191e-04
1077.6	9.9971e-05
1077.8	9.8069e-05
1078.0	9.6203e-05
1078.2	9.4373e-05
1078.4	9.2577e-05
1078.6	9.0815e-05
1078.8	8.9087e-05
1079.0	8.7392e-05
1079.2	8.5729e-05
1079.4	8.4098e-05
1079.6	8.2498e-05
1079.8	8.0928e-05
1080.0	7.9388e-05
1080.2	7.7878e-05
1080.4	7.6396e-05
1080.6	7.5868e-05
1080.8	7.5662e-05
1081.0	7.5456e-05
1081.2	7.525e-05
1081.4	7.5045e-05
1081.6	7.4841e-05
1081.8	7.4637e-05
1082.0	7.4434e-05
1082.2	7.4232e-05
1082.4	7.4029e-05
1082.6	7.3828e-05
1082.8	7.3627e-05
1083.0	7.3426e-05
1083.2	7.3226e-05
1083.4	7.3027e-05
1083.6	7.2828e-05
1083.8	7.263e-05
1084.0	7.2432e-05
1084.2	7.363e-05
1084.4	7.4914e-05
1084.6	7.6222e-05
1084.8	7.7552e-05
1085.0	7.8905e-05
1085.2	8.0282e-05
1085.4	8.1683e-05
1085.6	8.3108e-05
1085.8	8.4558e-05
1086.0	8.6033e-05
1086.2	8.7535e-05
1086.4	8.9062e-05
1086.6	9.0616e-05
1086.8	9.2197e-05
1087.0	9.3806e-05
1087.2	9.5443e-05
1087.4	9.7108e-05
1087.6	9.9023e-05
1087.8	1.0201e-04
1088.0	1.0508e-04
1088.2	1.0825e-04
1088.4	1.1151e-04
1088.6	1.1487e-04
1088.8	1.1833e-04
1089.0	1.219e-04
1089.2	1.2557e-04
1089.4	1.2936e-04
1089.6	1.3325e-04
1089.8	1.3727e-04
1090.0	1.4141e-04
1090.2	1.4194e-04
1090.4	1.4248e-04
1090.6	1.4302e-04
1090.8	1.4357e-04
1091.0	1.4411e-04
1091.2	1.4466e-04
1091.4	1.4626e-04
1091.6	1.4838e-04
1091.8	1.5054e-04
1092.0	1.5273e-04
1092.2	1.5496e-04
1092.4	1.5721e-04
1092.6	1.595e-04
1092.8	1.6182e-04
1093.0	1.6417e-04
1093.2	1.6656e-04
1093.4	1.6899e-04
1093.6	1.7144e-04
1093.8	1.7394e-04
1094.0	1.7647e-04
1094.2	1.7904e-04
1094.4	1.8164e-04
1094.6	1.8429e-04
1094.8	1.8697e-04
1095.0	1.8454e-04
1095.2	1.8149e-04
1095.4	1.7849e-04
1095.6	1.7555e-04
1095.8	1.7265e-04
1096.0	1.698e-04
1096.2	1.6699e-04
1096.4	1.6423e-04
1096.6	1.6152e-04
1096.8	1.5885e-04
1097.0	1.5623e-04
1097.2	1.5365e-04
1097.4	1.5111e-04
1097.6	1.4862e-04
1097.8	1.4616e-04
1098.0	1.4375e-04
1098.2	1.4137e-04
1098.4	1.39e-04
1098.6	1.3631e-04
1098.8	1.3368e-04
1099.0	1.311e-04
1099.2	1.2857e-04
1099.4	1.2609e-04
1099.6	1.2365e-04
1099.8	1.2127e-04
1100.0	1.1893e-04
1100.2	1.1663e-04
1100.4	1.1438e-04
1100.6	1.1217e-04
1100.8	1.1e-04
1101.0	1.0788e-04
1101.2	1.058e-04
1101.4	1.0376e-04
1101.6	1.0175e-04
1101.8	9.9789e-05
1102.0	9.8411e-05
1102.2	9.8135e-05
1102.4	9.7861e-05
1102.6	9.7587e-05
1102.8	9.7313e-05
1103.0	9.7041e-05
1103.2	9.6769e-05
1103.4	9.6498e-05
1103.6	9.6228e-05
1103.8	9.5958e-05
1104.0	9.5689e-05
1104.2	9.5421e-05
1104.4	9.5154e-05
1104.6	9.4888e-05
1104.8	9.4622e-05
1105.0	9.4357e-05
1105.2	9.4093e-05
1105.4	9.3829e-05
1105.6	9.4285e-05
1105.8	9.529e-05
1106.0	9.6306e-05
1106.2	9.7333e-05
1106.4	9.8371e-05
1106.6	9.9421e-05
1106.8	1.0048e-04
1107.0	1.0155e-04
1107.2	1.0264e-04
1107.4	1.0373e-04
1107.6	1.0484e-04
1107.8	1.0595e-04
1108.0	1.0708e-04
1108.2	1.0823e-04
1108.4	1.0938e-04
1108.6	1.1055e-04
1108.8	1.1173e-04
1109.0	1.1292e-04
1109.2	1.151e-04
1109.4	1.1756e-04
1109.6	1.2006e-04
1109.8	1.2262e-04
1110.0	1.2524e-04
1110.2	1.2791e-04
1110.4	1.3063e-04
1110.6	1.3342e-04
1110.8	1.3626e-04
1111.0	1.3917e-04
1111.2	1.4214e-04
1111.4	1.4517e-04
1111.6	1.4826e-04
1111.8	1.5142e-04
1112.0	1.5465e-04
1112.2	1.5795e-04
1112.4	1.6132e-04
1112.6	1.6457e-04
1112.8	1.6544e-04
1113.0	1.6632e-04
1113.2	1.672e-04
1113.4	1.6808e-04
1113.6	1.6897e-04
1113.8	1.6987e-04
1114.0	1.7077e-04
1114.2	1.7167e-04
1114.4	1.7258e-04
1114.6	1.7349e-04
1114.8	1.7441e-04
1115.0	1.7533e-04
1115.2	1.7626e-04
1115.4	1.7719e-04
1115.6	1.7813e-04
1115.8	1.7907e-04
1116.0	1.8002e-04
1116.2	1.8002e-04
1116.4	1.7816e-04
1116.6	1.7633e-04
1116.8	1.7451e-04
1117.0	1.7271e-04
1117.2	1.7092e-04
1117.4	1.6916e-04
1117.6	1.6741e-04
1117.8	1.6569e-04
1118.0	1.6398e-04
1118.2	1.6228e-04
1118.4	1.6061e-04
1118.6	1.5895e-04
1118.8	1.5731e-04
1119.0	1.5569e-04
1119.2	1.5408e-04
1119.4	1.5249e-04
1119.6	1.5092e-04
1119.8	1.4757e-04
1120.0	1.4319e-04
1120.2	1.4148e-04
1120.4	1.3979e-04
1120.6	1.3812e-04
1120.8	1.3647e-04
1121.0	1.3484e-04
1121.2	1.3228e-04
1121.4	1.2977e-04
1121.6	1.2731e-04
1121.8	1.249e-04
1122.0	1.2253e-04
1122.2	1.2222e-04
1122.4	1.2191e-04
1122.6	1.216e-04
1122.8	1.2129e-04
1123.0	1.2098e-04
1123.2	1.2041e-04
1123.4	1.1984e-04
1123.6	1.1927e-04
1123.8	1.1871e-04
1124.0	1.1814e-04
1124.2	1.1844e-04
1124.4	1.1875e-04
1124.6	1.1905e-04
1124.8	1.1935e-04
1125.0	1.1966e-04
1125.2	1.1667e-04
1125.4	1.1376e-04
1125.6	1.1092e-04
1125.8	1.0816e-04
1126.0	1.0546e-04
1126.2	1.0701e-04
1126.4	1.0859e-04
1126.6	1.1018e-04
1126.8	1.118e-04
1127.0	1.1345e-04
1127.2	1.1435e-04
1127.4	1.1526e-04
1127.6	1.1617e-04
1127.8	1.171e-04
1128.0	1.1803e-04
1128.2	1.1908e-04
1128.4	1.2015e-04
1128.6	1.2123e-04
1128.8	1.2231e-04
1129.0	1.2341e-04
1129.2	1.238e-04
1129.4	1.2419e-04
1129.6	1.2458e-04
1129.8	1.2497e-04
1130.0	1.2537e-04
1130.2	1.2683e-04
1130.4	1.283e-04
1130.6	1.298e-04
1130.8	1.3131e-04
1131.0	1.3283e-04
1131.2	1.3455e-04
1131.4	1.3628e-04
1131.6	1.3804e-04
1131.8	1.3982e-04
1132.0	1.4163e-04
1132.2	1.4251e-04
1132.4	1.434e-04
1132.6	1.4429e-04
1132.8	1.4519e-04
1133.0	1.4609e-04
1133.2	1.4609e-04
1133.4	1.4608e-04
1133.6	1.4607e-04
1133.8	1.4606e-04
1134.0	1.4606e-04
1134.2	1.4582e-04
1134.4	1.4557e-04
1134.6	1.4533e-04
1134.8	1.4509e-04
1135.0	1.4485e-04
1135.2	1.4432e-04
1135.4	1.438e-04
1135.6	1.4327e-04
1135.8	1.4275e-04
1136.0	1.4223e-04
1136.2	1.3976e-04
1136.4	1.3734e-04
1136.6	1.3496e-04
1136.8	1.3262e-04
1137.0	1.3032e-04
1137.2	1.3109e-04
1137.4	1.3185e-04
1137.6	1.3263e-04
1137.8	1.334e-04
1138.0	1.3419e-04
1138.2	1.3157e-04
1138.4	1.2901e-04
1138.6	1.265e-04
1138.8	1.2404e-04
1139.0	1.2162e-04
1139.2	1.1948e-04
1139.4	1.1739e-04
1139.6	1.1533e-04
1139.8	1.133e-04
1140.0	1.1131e-04
1140.2	1.0964e-04
1140.4	1.0799e-04
1140.6	1.0636e-04
1140.8	1.0476e-04
1141.0	1.0319e-04
1141.2	9.8494e-05
1141.4	9.4013e-05
1141.6	8.9736e-05
1141.8	8.5653e-05
1142.0	8.1756e-05
1142.2	8.2288e-05
1142.4	8.2824e-05
1142.6	8.3363e-05
1142.8	8.3906e-05
1143.0	8.4452e-05
1143.2	8.414e-05
1143.4	8.383e-05
1143.6	8.352e-05
1143.8	8.3212e-05
1144.0	8.2904e-05
1144.2	8.2787e-05
1144.4	8.2669e-05
1144.6	8.2552e-05
1144.8	8.2435e-05
1145.0	8.2318e-05
1145.2	7.9262e-05
1145.4	7.6319e-05
1145.6	7.3486e-05
1145.8	7.0758e-05
1146.0	6.8132e-05
1146.2	6.8707e-05
1146.4	6.9287e-05
1146.6	6.9872e-05
1146.8	7.0463e-05
1147.0	7.1058e-05
1147.2	7.2795e-05
1147.4	7.4575e-05
1147.6	7.6399e-05
1147.8	7.8267e-05
1148.0	8.0181e-05
1148.2	8.0319e-05
1148.4	8.0458e-05
1148.6	8.0598e-05
1148.8	8.0737e-05
1149.0	8.0877e-05
1149.2	8.2072e-05
1149.4	8.3285e-05
1149.6	8.4515e-05
1149.8	8.5764e-05
1150.0	8.7032e-05
1150.2	8.5984e-05
1150.4	8.4949e-05
1150.6	8.3926e-05
1150.8	8.2915e-05
1151.0	8.1917e-05
1151.2	8.2902e-05
1151.4	8.3899e-05
1151.6	8.4908e-05
1151.8	8.5929e-05
1152.0	8.6963e-05
1152.2	8.6639e-05
1152.4	8.6317e-05
1152.6	8.5996e-05
1152.8	8.5676e-05
1153.0	8.5358e-05
1153.2	8.9139e-05
1153.4	9.3087e-05
1153.6	9.721e-05
1153.8	1.0152e-04
1154.0	1.0601e-04
1154.2	1.0539e-04
1154.4	1.0478e-04
1154.6	1.0416e-04
1154.8	1.0356e-04
1155.0	1.0295e-04
1155.2	1.0634e-04
1155.4	1.0983e-04
1155.6	1.1344e-04
1155.8	1.1717e-04
1156.0	1.2103e-04
1156.2	1.2302e-04
1156.4	1.2505e-04
1156.6	1.2711e-04
1156.8	1.292e-04
1157.0	1.3133e-04
1157.2	1.3269e-04
1157.4	1.3406e-04
1157.6	1.3544e-04
1157.8	1.3684e-04
1158.0	1.3825e-04
1158.2	1.4269e-04
1158.4	1.4727e-04
1158.6	1.52e-04
1158.8	1.5688e-04
1159.0	1.6191e-04
1159.2	1.5892e-04
1159.4	1.5597e-04
1159.6	1.5309e-04
1159.8	1.5026e-04
1160.0	1.4748e-04
1160.2	1.4721e-04
1160.4	1.4695e-04
1160.6	1.4668e-04
1160.8	1.4642e-04
1161.0	1.4615e-04
1161.2	1.4766e-04
1161.4	1.4918e-04
1161.6	1.5072e-04
1161.8	1.5227e-04
1162.0	1.5384e-04
1162.2	1.5143e-04
1162.4	1.4906e-04
1162.6	1.4673e-04
1162.8	1.4443e-04
1163.0	1.4217e-04
1163.2	1.4264e-04
1163.4	1.4311e-04
1163.6	1.4358e-04
1163.8	1.4406e-04
1164.0	1.4454e-04
1164.2	1.4298e-04
1164.4	1.4144e-04
1164.6	1.3991e-04
1164.8	1.3841e-04
1165.0	1.3692e-04
1165.2	1.3483e-04
1165.4	1.3277e-04
1165.6	1.3074e-04
1165.8	1.2874e-04
1166.0	1.2678e-04
1166.2	1.2787e-04
1166.4	1.2896e-04
1166.6	1.3007e-04
1166.8	1.3118e-04
1167.0	1.3231e-04
1167.2	1.3009e-04
1167.4	1.2791e-04
1167.6	1.2576e-04
1167.8	1.2366e-04
1168.0	1.2158e-04
1168.2	1.1966e-04
1168.4	1.1777e-04
1168.6	1.1591e-04
1168.8	1.1407e-04
1169.0	1.1227e-04
1169.2	1.1244e-04
1169.4	1.126e-04
1169.6	1.1277e-04
1169.8	1.1293e-04
1170.0	1.131e-04
1170.2	1.1377e-04
1170.4	1.1444e-04
1170.6	1.1512e-04
1170.8	1.158e-04
1171.0	1.1648e-04
1171.2	1.1703e-04
1171.4	1.1757e-04
1171.6	1.1812e-04
1171.8	1.1867e-04
1172.0	1.1922e-04
1172.2	1.1902e-04
1172.4	1.1882e-04
1172.6	1.1862e-04
1172.8	1.1843e-04
1173.0	1.1823e-04
1173.2	1.1751e-04
1173.4	1.168e-04
1173.6	1.1609e-04
1173.8	1.1538e-04
1174.0	1.1468e-04
1174.2	1.1587e-04
1174.4	1.1707e-04
1174.6	1.1829e-04
1174.8	1.1951e-04
1175.0	1.2075e-04
1175.2	1.2106e-04
1175.4	1.2138e-04
1175.6	1.2169e-04
1175.8	1.2201e-04
1176.0	1.2233e-04
1176.2	1.2303e-04
1176.4	1.2373e-04
1176.6	1.2445e-04
1176.8	1.2516e-04
1177.0	1.2588e-04
1177.2	1.2685e-04
1177.4	1.2783e-04
1177.6	1.2882e-04
1177.8	1.2982e-04
1178.0	1.3082e-04
1178.2	1.3072e-04
1178.4	1.3062e-04
1178.6	1.3052e-04
1178.8	1.3042e-04
1179.0	1.3032e-04
1179.2	1.3034e-04
1179.4	1.3036e-04
1179.6	1.3037e-04
1179.8	1.3039e-04
1180.0	1.3041e-04
1180.2	1.3028e-04
1180.4	1.3015e-04
1180.6	1.3003e-04
1180.8	1.299e-04
1181.0	1.2977e-04
1181.2	1.2867e-04
1181.4	1.2757e-04
1181.6	1.2648e-04
1181.8	1.254e-04
1182.0	1.2433e-04
1182.2	1.2375e-04
1182.4	1.2318e-04
1182.6	1.2261e-04
1182.8	1.2204e-04
1183.0	1.2148e-04
1183.2	1.2035e-04
1183.4	1.1922e-04
1183.6	1.1811e-04
1183.8	1.1701e-04
1184.0	1.1592e-04
1184.2	1.1486e-04
1184.4	1.1381e-04
1184.6	1.1277e-04
1184.8	1.1174e-04
1185.0	1.1072e-04
1185.2	1.1024e-04
1185.4	1.0975e-04
1185.6	1.0927e-04
1185.8	1.0879e-04
1186.0	1.0831e-04
1186.2	1.0626e-04
1186.4	1.0426e-04
1186.6	1.0229e-04
1186.8	1.0035e-04
1187.0	9.8456e-05
1187.2	9.8269e-05
1187.4	9.8084e-05
1187.6	9.7898e-05
1187.8	9.7713e-05
1188.0	9.7528e-05
1188.2	9.4413e-05
1188.4	9.1398e-05
1188.6	8.8479e-05
1188.8	8.5653e-05
1189.0	8.2918e-05
1189.2	8.4634e-05
1189.4	8.6385e-05
1189.6	8.8173e-05
1189.8	8.9998e-05
1190.0	9.1861e-05
1190.2	8.8988e-05
1190.4	8.6205e-05
1190.6	8.3509e-05
1190.8	8.0897e-05
1191.0	7.8367e-05
1191.2	7.9294e-05
1191.4	8.0232e-05
1191.6	8.1181e-05
1191.8	8.2142e-05
1192.0	8.3113e-05
1192.2	8.149e-05
1192.4	7.9899e-05
1192.6	7.8339e-05
1192.8	7.6809e-05
1193.0	7.531e-05
1193.2	7.4605e-05
1193.4	7.3907e-05
1193.6	7.3215e-05
1193.8	7.253e-05
1194.0	7.1852e-05
1194.2	7.1855e-05
1194.4	7.1858e-05
1194.6	7.1861e-05
1194.8	7.1864e-05
1195.0	7.1867e-05
1195.2	7.2456e-05
1195.4	7.3051e-05
1195.6	7.365e-05
1195.8	7.4254e-05
1196.0	7.4863e-05
1196.2	7.6353e-05
1196.4	7.7873e-05
1196.6	7.9423e-05
1196.8	8.1004e-05
1197.0	8.2616e-05
1197.2	8.2687e-05
1197.4	8.2758e-05
1197.6	8.2829e-05
1197.8	8.29e-05
1198.0	8.2971e-05
1198.2	8.3279e-05
1198.4	8.3587e-05
1198.6	8.3897e-05
1198.8	8.4208e-05
1199.0	8.452e-05
1199.2	8.5709e-05
1199.4	8.6914e-05
1199.6	8.8137e-05
1199.8	8.9376e-05
1200.0	9.0633e-05
1200.2	9.0652e-05
1200.4	9.0671e-05
1200.6	9.069e-05
1200.8	9.0709e-05
1201.0	9.0728e-05
1201.2	9.1553e-05
1201.4	9.2385e-05
1201.6	9.3225e-05
1201.8	9.4072e-05
1202.0	9.4927e-05
1202.2	9.5516e-05
1202.4	9.6108e-05
1202.6	9.6704e-05
1202.8	9.7304e-05
1203.0	9.7908e-05
1203.2	1.0002e-04
1203.4	1.0217e-04
1203.6	1.0437e-04
1203.8	1.0662e-04
1204.0	1.0892e-04
1204.2	1.1267e-04
1204.4	1.1654e-04
1204.6	1.2055e-04
1204.8	1.247e-04
1205.0	1.2899e-04
1205.2	1.2907e-04
1205.4	1.2914e-04
1205.6	1.2922e-04
1205.8	1.2929e-04
1206.0	1.2937e-04
1206.2	1.3011e-04
1206.4	1.3086e-04
1206.6	1.3161e-04
1206.8	1.3237e-04
1207.0	1.3313e-04
1207.2	1.3605e-04
1207.4	1.3904e-04
1207.6	1.421e-04
1207.8	1.4522e-04
1208.0	1.4841e-04
1208.2	1.4961e-04
1208.4	1.5082e-04
1208.6	1.5205e-04
1208.8	1.5328e-04
1209.0	1.5452e-04
1209.2	1.5694e-04
1209.4	1.594e-04
1209.6	1.6189e-04
1209.8	1.6443e-04
1210.0	1.67e-04