265.0	1.3281e-06
265.2	1.2222e-06
265.4	1.1247e-06
265.6	1.0349e-06
265.8	9.5236e-07
266.0	8.7638e-07
266.2	8.0647e-07
266.4	7.4213e-07
266.6	6.8292e-07
266.8	6.2844e-07
267.0	5.783e-07
267.2	5.6883e-07
267.4	5.639e-07
267.6	5.5902e-07
267.8	5.5418e-07
268.0	5.4938e-07
268.2	5.4462e-07
268.4	5.3991e-07
268.6	5.3523e-07
268.8	5.306e-07
269.0	5.26e-07
269.2	5.2145e-07
269.4	5.1693e-07
269.6	5.1246e-07
269.8	5.0802e-07
270.0	5.0362e-07
270.2	4.9926e-07
270.4	4.9493e-07
270.6	4.9065e-07
270.8	4.8643e-07
271.0	4.8237e-07
271.2	4.7833e-07
271.4	4.7433e-07
271.6	4.7037e-07
271.8	4.6644e-07
272.0	4.6254e-07
272.2	4.5867e-07
272.4	4.5484e-07
272.6	4.5104e-07
272.8	4.4726e-07
273.0	4.4353e-07
273.2	4.3982e-07
273.4	4.3614e-07
273.6	4.325e-07
273.8	4.2888e-07
274.0	4.2529e-07
274.2	4.2174e-07
274.4	4.1821e-07
274.6	7.3338e-07
274.8	2.0699e-06
275.0	5.8422e-06
275.2	5.8748e-06
275.4	5.9076e-06
275.6	5.5043e-06
275.8	4.7139e-06
276.0	4.037e-06
276.2	3.4573e-06
276.4	2.9609e-06
276.6	2.5357e-06
276.8	2.1716e-06
277.0	1.8598e-06
277.2	1.5927e-06
277.4	1.364e-06
277.6	1.1681e-06
277.8	1.0004e-06
278.0	8.5675e-07
278.2	7.3373e-07
278.4	6.2837e-07
278.6	5.3814e-07
278.8	4.6086e-07
279.0	3.9469e-07
279.2	3.3801e-07
279.4	3.7263e-07
279.6	4.3672e-07
279.8	5.1182e-07
280.0	5.9984e-07
280.2	7.03e-07
280.4	8.2389e-07
280.6	9.6558e-07
280.8	1.1316e-06
281.0	1.3262e-06
281.2	1.5543e-06
281.4	1.8216e-06
281.6	2.1349e-06
281.8	2.502e-06
282.0	2.9323e-06
282.2	3.4366e-06
282.4	4.0276e-06
282.6	4.7202e-06
282.8	5.532e-06
283.0	6.0517e-06
283.2	4.3359e-06
283.4	3.1065e-06
283.6	2.2257e-06
283.8	1.5947e-06
284.0	1.1425e-06
284.2	8.186e-07
284.4	5.865e-07
284.6	4.2021e-07
284.8	3.0107e-07
285.0	2.1571e-07
285.2	2.1129e-07
285.4	2.0697e-07
285.6	2.0324e-07
285.8	2.0003e-07
286.0	1.9688e-07
286.2	1.9377e-07
286.4	1.9072e-07
286.6	1.8771e-07
286.8	1.8475e-07
287.0	1.8183e-07
287.2	1.7896e-07
287.4	1.7614e-07
287.6	1.7336e-07
287.8	1.7063e-07
288.0	1.6794e-07
288.2	1.6529e-07
288.4	1.6268e-07
288.6	1.6011e-07
288.8	1.5759e-07
289.0	1.551e-07
289.2	1.5266e-07
289.4	1.7325e-07
289.6	2.0124e-07
289.8	2.3375e-07
290.0	2.7151e-07
290.2	3.1537e-07
290.4	3.6631e-07
290.6	4.2549e-07
290.8	4.9423e-07
291.0	5.7406e-07
291.2	6.668e-07
291.4	7.7452e-07
291.6	8.9963e-07
291.8	1.045e-06
292.0	1.2138e-06
292.2	1.4098e-06
292.4	1.6376e-06
292.6	1.9021e-06
292.8	2.2094e-06
293.0	2.3182e-06
293.2	1.6592e-06
293.4	1.1876e-06
293.6	8.4999e-07
293.8	6.0836e-07
294.0	4.3543e-07
294.2	3.1165e-07
294.4	2.2306e-07
294.6	1.5965e-07
294.8	1.1427e-07
295.0	8.1786e-08
295.2	8.5052e-08
295.4	8.8448e-08
295.6	9.198e-08
295.8	9.5652e-08
296.0	9.9472e-08
296.2	1.0344e-07
296.4	1.0757e-07
296.6	1.1187e-07
296.8	1.1634e-07
297.0	1.2098e-07
297.2	1.2581e-07
297.4	1.3083e-07
297.6	1.3606e-07
297.8	1.4149e-07
298.0	1.4608e-07
298.2	1.4454e-07
298.4	1.4302e-07
298.6	1.4151e-07
298.8	1.4001e-07
299.0	1.3854e-07
299.2	1.3708e-07
299.4	1.3563e-07
299.6	1.342e-07
299.8	1.3278e-07
300.0	1.3138e-07
300.2	1.2999e-07
300.4	1.2862e-07
300.6	1.2727e-07
300.8	1.2592e-07
301.0	1.2459e-07
301.2	1.2328e-07
301.4	1.2198e-07
301.6	1.2069e-07
301.8	1.246e-07
302.0	1.3421e-07
302.2	1.4456e-07
302.4	1.5571e-07
302.6	1.6771e-07
302.8	1.8065e-07
303.0	1.9458e-07
303.2	2.0959e-07
303.4	2.2575e-07
303.6	2.4316e-07
303.8	2.6191e-07
304.0	2.8211e-07
304.2	3.0387e-07
304.4	3.2731e-07
304.6	3.5255e-07
304.8	3.7974e-07
305.0	4.0903e-07
305.2	4.5248e-07
305.4	5.0054e-07
305.6	5.4039e-07
305.8	5.4228e-07
306.0	5.4419e-07
306.2	5.461e-07
306.4	5.4801e-07
306.6	5.4994e-07
306.8	5.5187e-07
307.0	5.538e-07
307.2	5.5574e-07
307.4	5.577e-07
307.6	5.5965e-07
307.8	5.6162e-07
308.0	5.6359e-07
308.2	5.6556e-07
308.4	5.6755e-07
308.6	5.6954e-07
308.8	5.7154e-07
309.0	5.7354e-07
309.2	5.7556e-07
309.4	5.8591e-07
309.6	6.0255e-07
309.8	6.1965e-07
310.0	6.3725e-07
310.2	6.5534e-07
310.4	6.7394e-07
310.6	6.9308e-07
310.8	7.1276e-07
311.0	7.3299e-07
311.2	7.538e-07
311.4	7.7521e-07
311.6	7.9721e-07
311.8	8.1985e-07
312.0	8.4313e-07
312.2	8.6706e-07
312.4	8.9168e-07
312.6	9.17e-07
312.8	9.4303e-07
313.0	9.6981e-07
313.2	8.5152e-07
313.4	7.3813e-07
313.6	6.3985e-07
313.8	5.5465e-07
314.0	4.808e-07
314.2	4.1678e-07
314.4	3.6128e-07
314.6	3.1317e-07
314.8	2.7147e-07
315.0	2.3533e-07
315.2	2.0399e-07
315.4	1.7683e-07
315.6	1.5328e-07
315.8	1.3287e-07
316.0	1.1518e-07
316.2	9.9844e-08
316.4	8.655e-08
316.6	7.5025e-08
316.8	7.0186e-08
317.0	7.9873e-08
317.2	9.0899e-08
317.4	1.0345e-07
317.6	1.1772e-07
317.8	1.3397e-07
318.0	1.5247e-07
318.2	1.7351e-07
318.4	1.9746e-07
318.6	2.2472e-07
318.8	2.5574e-07
319.0	2.9104e-07
319.2	3.3121e-07
319.4	3.7693e-07
319.6	4.2895e-07
319.8	4.8816e-07
320.0	5.5554e-07
320.2	6.3223e-07
320.4	7.1949e-07
320.6	7.5254e-07
320.8	7.4984e-07
321.0	7.4715e-07
321.2	7.4447e-07
321.4	7.418e-07
321.6	7.3914e-07
321.8	7.3649e-07
322.0	7.3385e-07
322.2	7.3121e-07
322.4	7.2859e-07
322.6	7.2598e-07
322.8	7.2337e-07
323.0	7.2078e-07
323.2	7.1819e-07
323.4	7.1561e-07
323.6	7.1305e-07
323.8	7.1049e-07
324.0	7.0794e-07
324.2	7.049e-07
324.4	6.0929e-07
324.6	5.2665e-07
324.8	4.5522e-07
325.0	3.9348e-07
325.2	3.4011e-07
325.4	2.9398e-07
325.6	2.5411e-07
325.8	2.1964e-07
326.0	1.8985e-07
326.2	1.641e-07
326.4	1.4184e-07
326.6	1.226e-07
326.8	1.0598e-07
327.0	9.1602e-08
327.2	7.9178e-08
327.4	6.8439e-08
327.6	5.9156e-08
327.8	5.1133e-08
328.0	4.6482e-08
328.2	4.5957e-08
328.4	4.5438e-08
328.6	4.4925e-08
328.8	4.4418e-08
329.0	4.3916e-08
329.2	4.342e-08
329.4	4.293e-08
329.6	4.2445e-08
329.8	4.1966e-08
330.0	4.1492e-08
330.2	4.1024e-08
330.4	4.0561e-08
330.6	4.0103e-08
330.8	3.965e-08
331.0	3.9202e-08
331.2	3.8759e-08
331.4	3.8322e-08
331.6	3.7889e-08
331.8	3.7558e-08
332.0	3.726e-08
332.2	3.6965e-08
332.4	3.6672e-08
332.6	3.6382e-08
332.8	3.6093e-08
333.0	3.5807e-08
333.2	3.5523e-08
333.4	3.5242e-08
333.6	3.4963e-08
333.8	3.4685e-08
334.0	3.4411e-08
334.2	3.4138e-08
334.4	3.3867e-08
334.6	3.3599e-08
334.8	3.3333e-08
335.0	3.3068e-08
335.2	3.2606e-08
335.4	3.2151e-08
335.6	3.1734e-08
335.8	3.1402e-08
336.0	3.1073e-08
336.2	3.0748e-08
336.4	3.0425e-08
336.6	3.0107e-08
336.8	2.9791e-08
337.0	2.9479e-08
337.2	2.9171e-08
337.4	2.8865e-08
337.6	2.8563e-08
337.8	2.8264e-08
338.0	2.7968e-08
338.2	2.7675e-08
338.4	2.7385e-08
338.6	2.7098e-08
338.8	2.6814e-08
339.0	2.6533e-08
339.2	2.6255e-08
339.4	2.6025e-08
339.6	2.5821e-08
339.8	2.5618e-08
340.0	2.5416e-08
340.2	2.5217e-08
340.4	2.5018e-08
340.6	2.4822e-08
340.8	2.4627e-08
341.0	2.4433e-08
341.2	2.4241e-08
341.4	2.405e-08
341.6	2.3861e-08
341.8	2.3674e-08
342.0	2.3488e-08
342.2	2.3303e-08
342.4	2.312e-08
342.6	2.2938e-08
342.8	2.2758e-08
343.0	2.2582e-08
343.2	2.2501e-08
343.4	2.242e-08
343.6	2.2339e-08
343.8	2.2258e-08
344.0	2.2178e-08
344.2	2.2098e-08
344.4	2.2019e-08
344.6	2.1939e-08
344.8	2.186e-08
345.0	2.1782e-08
345.2	2.1703e-08
345.4	2.1625e-08
345.6	2.1547e-08
345.8	2.1469e-08
346.0	2.1392e-08
346.2	2.1315e-08
346.4	2.1238e-08
346.6	2.1162e-08
346.8	2.113e-08
347.0	2.1164e-08
347.2	2.1197e-08
347.4	2.123e-08
347.6	2.1264e-08
347.8	2.1297e-08
348.0	2.1331e-08
348.2	2.1364e-08
348.4	2.1398e-08
348.6	2.1432e-08
348.8	2.1466e-08
349.0	2.1499e-08
349.2	2.1533e-08
349.4	2.1567e-08
349.6	2.1601e-08
349.8	2.1635e-08
350.0	2.1669e-08
350.2	2.1703e-08
350.4	2.1738e-08
350.6	2.4579e-08
350.8	2.8646e-08
351.0	3.3387e-08
351.2	3.8913e-08
351.4	4.5353e-08
351.6	5.2858e-08
351.8	6.1606e-08
352.0	7.1802e-08
352.2	8.3685e-08
352.4	9.7534e-08
352.6	1.1368e-07
352.8	1.3249e-07
353.0	1.5441e-07
353.2	1.7997e-07
353.4	2.0975e-07
353.6	2.4447e-07
353.8	2.8493e-07
354.0	3.3208e-07
354.2	3.6896e-07
354.4	3.3645e-07
354.6	3.0681e-07
354.8	2.7978e-07
355.0	2.5513e-07
355.2	2.3265e-07
355.4	2.1215e-07
355.6	1.9346e-07
355.8	1.7642e-07
356.0	1.6088e-07
356.2	1.467e-07
356.4	1.3378e-07
356.6	1.2199e-07
356.8	1.1124e-07
357.0	1.0144e-07
357.2	9.2505e-08
357.4	8.4356e-08
357.6	7.6924e-08
357.8	7.0147e-08
358.0	7.0944e-08
358.2	7.6877e-08
358.4	8.3306e-08
358.6	9.0273e-08
358.8	9.7823e-08
359.0	1.06e-07
359.2	1.1487e-07
359.4	1.2448e-07
359.6	1.3489e-07
359.8	1.4617e-07
360.0	1.5839e-07
360.2	1.7164e-07
360.4	1.8599e-07
360.6	2.0155e-07
360.8	2.184e-07
361.0	2.3667e-07
361.2	2.5646e-07
361.4	2.7791e-07
361.6	3.0072e-07
361.8	2.9601e-07
362.0	2.9137e-07
362.2	2.8681e-07
362.4	2.8232e-07
362.6	2.779e-07
362.8	2.7354e-07
363.0	2.6926e-07
363.2	2.6504e-07
363.4	2.6089e-07
363.6	2.568e-07
363.8	2.5278e-07
364.0	2.4882e-07
364.2	2.4493e-07
364.4	2.4109e-07
364.6	2.3731e-07
364.8	2.336e-07
365.0	2.2994e-07
365.2	2.4707e-07
365.4	2.6548e-07
365.6	2.8527e-07
365.8	3.0653e-07
366.0	3.2937e-07
366.2	3.5391e-07
366.4	3.8028e-07
366.6	4.0862e-07
366.8	4.3907e-07
367.0	4.2973e-07
367.2	3.656e-07
367.4	3.1105e-07
367.6	2.6464e-07
367.8	2.2515e-07
368.0	1.9155e-07
368.2	1.6297e-07
368.4	1.3865e-07
368.6	1.1796e-07
368.8	1.0036e-07
369.0	8.5385e-08
369.2	7.2644e-08
369.4	6.1804e-08
369.6	5.2582e-08
369.8	4.4736e-08
370.0	3.8061e-08
370.2	3.2381e-08
370.4	2.755e-08
370.6	2.3439e-08
370.8	2.5663e-08
371.0	3.0169e-08
371.2	3.5467e-08
371.4	4.1696e-08
371.6	4.9018e-08
371.8	5.7626e-08
372.0	6.7746e-08
372.2	7.9643e-08
372.4	9.3629e-08
372.6	1.1007e-07
372.8	1.294e-07
373.0	1.5213e-07
373.2	1.7884e-07
373.4	2.1025e-07
373.6	2.4717e-07
373.8	2.9057e-07
374.0	3.416e-07
374.2	4.0159e-07
374.4	4.4729e-07
374.6	3.7902e-07
374.8	3.2117e-07
375.0	2.7215e-07
375.2	2.3061e-07
375.4	1.9541e-07
375.6	1.6559e-07
375.8	1.4031e-07
376.0	1.189e-07
376.2	1.0075e-07
376.4	8.5374e-08
376.6	7.2343e-08
376.8	6.1302e-08
377.0	5.1945e-08
377.2	4.4017e-08
377.4	3.7299e-08
377.6	3.1606e-08
377.8	2.6782e-08
378.0	2.2694e-08
378.2	2.2324e-08
378.4	2.4689e-08
378.6	2.7306e-08
378.8	3.02e-08
379.0	3.34e-08
379.2	3.694e-08
379.4	4.0855e-08
379.6	4.5184e-08
379.8	4.9973e-08
380.0	5.5269e-08
380.2	6.1126e-08
380.4	6.7604e-08
380.6	7.4769e-08
380.8	8.2692e-08
381.0	9.1456e-08
381.2	1.0115e-07
381.4	1.1187e-07
381.6	1.2372e-07
381.8	1.3683e-07
382.0	1.2371e-07
382.2	1.109e-07
382.4	9.9423e-08
382.6	8.9132e-08
382.8	7.9906e-08
383.0	7.1636e-08
383.2	6.4221e-08
383.4	5.7574e-08
383.6	5.1614e-08
383.8	4.6272e-08
384.0	4.1483e-08
384.2	3.7189e-08
384.4	3.334e-08
384.6	2.9889e-08
384.8	2.6795e-08
385.0	2.4022e-08
385.2	2.1535e-08
385.4	1.9306e-08
385.6	1.8238e-08
385.8	1.8833e-08
386.0	1.9448e-08
386.2	2.0083e-08
386.4	2.0739e-08
386.6	2.1416e-08
386.8	2.2116e-08
387.0	2.2838e-08
387.2	2.3584e-08
387.4	2.4354e-08
387.6	2.5149e-08
387.8	2.597e-08
388.0	2.6819e-08
388.2	2.7694e-08
388.4	2.8599e-08
388.6	2.9533e-08
388.8	3.0497e-08
389.0	3.1493e-08
389.2	3.2521e-08
389.4	3.4052e-08
389.6	3.5791e-08
389.8	3.7618e-08
390.0	3.9539e-08
390.2	4.1558e-08
390.4	4.368e-08
390.6	4.591e-08
390.8	4.8254e-08
391.0	5.0717e-08
391.2	5.3307e-08
391.4	5.6028e-08
391.6	5.8889e-08
391.8	6.1896e-08
392.0	6.5056e-08
392.2	6.7736e-08
392.4	7.0526e-08
392.6	7.3432e-08
392.8	7.6457e-08
393.0	8.7106e-08
393.2	1.0766e-07
393.4	1.3306e-07
393.6	1.6446e-07
393.8	2.0327e-07
394.0	2.5124e-07
394.2	3.1052e-07
394.4	3.838e-07
394.6	3.262e-07
394.8	2.7672e-07
395.0	2.3475e-07
395.2	1.9914e-07
395.4	1.6893e-07
395.6	1.4331e-07
395.8	1.2157e-07
396.0	1.0313e-07
396.2	8.749e-08
396.4	7.422e-08
396.6	6.2962e-08
396.8	5.3412e-08
397.0	4.5311e-08
397.2	3.8438e-08
397.4	3.2608e-08
397.6	2.7662e-08
397.8	2.3466e-08
398.0	2.1019e-08
398.2	2.1975e-08
398.4	2.2975e-08
398.6	2.4021e-08
398.8	2.5114e-08
399.0	2.6257e-08
399.2	2.7452e-08
399.4	2.8702e-08
399.6	3.0008e-08
399.8	3.1374e-08
400.0	3.2802e-08
400.2	3.4294e-08
400.4	3.5855e-08
400.6	3.7487e-08
400.8	3.9193e-08
401.0	4.0977e-08
401.2	4.2842e-08
401.4	4.4792e-08
401.6	4.683e-08
401.8	4.8962e-08
402.0	5.119e-08
402.2	5.352e-08
402.4	5.5956e-08
402.6	5.8503e-08
402.8	6.1165e-08
403.0	6.3478e-08
403.2	6.4507e-08
403.4	6.5553e-08
403.6	6.6616e-08
403.8	6.7696e-08
404.0	6.8794e-08
404.2	6.9909e-08
404.4	7.1043e-08
404.6	7.2195e-08
404.8	7.3365e-08
405.0	7.4555e-08
405.2	7.5764e-08
405.4	7.6992e-08
405.6	7.8241e-08
405.8	7.9509e-08
406.0	8.0798e-08
406.2	8.2109e-08
406.4	8.344e-08
406.6	8.4793e-08
406.8	8.6168e-08
407.0	8.7565e-08
407.2	8.8985e-08
407.4	9.0427e-08
407.6	9.1894e-08
407.8	9.3384e-08
408.0	9.2815e-08
408.2	8.6743e-08
408.4	8.1068e-08
408.6	7.5764e-08
408.8	7.0807e-08
409.0	6.6175e-08
409.2	6.1845e-08
409.4	5.7799e-08
409.6	5.4018e-08
409.8	5.0484e-08
410.0	4.7181e-08
410.2	4.4094e-08
410.4	4.1209e-08
410.6	3.8513e-08
410.8	3.5994e-08
411.0	3.3639e-08
411.2	3.1438e-08
411.4	2.9381e-08
411.6	2.7459e-08
411.8	2.5663e-08
412.0	2.3984e-08
412.2	2.2415e-08
412.4	2.0948e-08
412.6	1.9578e-08
412.8	1.8297e-08
413.0	1.7502e-08
413.2	1.7888e-08
413.4	1.8283e-08
413.6	1.8686e-08
413.8	1.9098e-08
414.0	1.9519e-08
414.2	1.9949e-08
414.4	2.0389e-08
414.6	2.0838e-08
414.8	2.1298e-08
415.0	2.1767e-08
415.2	2.2247e-08
415.4	2.2738e-08
415.6	2.3239e-08
415.8	2.3752e-08
416.0	2.4275e-08
416.2	2.4811e-08
416.4	2.5358e-08
416.6	2.5917e-08
416.8	2.6488e-08
417.0	2.7072e-08
417.2	2.7669e-08
417.4	2.8279e-08
417.6	2.8903e-08
417.8	2.954e-08
418.0	2.9997e-08
418.2	2.9906e-08
418.4	2.9816e-08
418.6	2.9726e-08
418.8	2.9637e-08
419.0	2.9547e-08
419.2	2.9458e-08
419.4	2.9369e-08
419.6	2.9281e-08
419.8	2.9193e-08
420.0	2.9105e-08
420.2	2.9017e-08
420.4	2.8929e-08
420.6	2.8842e-08
420.8	2.8755e-08
421.0	2.8668e-08
421.2	2.8582e-08
421.4	2.8496e-08
421.6	2.841e-08
421.8	2.8324e-08
422.0	2.8239e-08
422.2	2.8154e-08
422.4	2.8069e-08
422.6	2.7984e-08
422.8	2.79e-08
423.0	2.8195e-08
423.2	2.9674e-08
423.4	3.123e-08
423.6	3.2868e-08
423.8	3.4592e-08
424.0	3.6407e-08
424.2	3.8316e-08
424.4	4.0326e-08
424.6	4.2441e-08
424.8	4.4667e-08
425.0	4.701e-08
425.2	4.9476e-08
425.4	5.2071e-08
425.6	5.4802e-08
425.8	5.7676e-08
426.0	6.0701e-08
426.2	6.3885e-08
426.4	6.7236e-08
426.6	7.0763e-08
426.8	7.4474e-08
427.0	7.838e-08
427.2	8.2492e-08
427.4	8.6818e-08
427.6	9.1372e-08
427.8	9.6165e-08
428.0	9.9745e-08
428.2	9.8667e-08
428.4	9.76e-08
428.6	9.6545e-08
428.8	9.5501e-08
429.0	9.4468e-08
429.2	9.3447e-08
429.4	9.2437e-08
429.6	9.1437e-08
429.8	9.0449e-08
430.0	8.9471e-08
430.2	8.8504e-08
430.4	8.7547e-08
430.6	8.66e-08
430.8	8.5664e-08
431.0	8.4738e-08
431.2	8.3822e-08
431.4	8.2916e-08
431.6	8.2019e-08
431.8	8.1133e-08
432.0	8.0255e-08
432.2	7.9388e-08
432.4	7.853e-08
432.6	7.7681e-08
432.8	7.6841e-08
433.0	7.5302e-08
433.2	7.1578e-08
433.4	6.8038e-08
433.6	6.4674e-08
433.8	6.1476e-08
434.0	5.8436e-08
434.2	5.5546e-08
434.4	5.28e-08
434.6	5.0189e-08
434.8	4.7707e-08
435.0	4.5348e-08
435.2	4.3105e-08
435.4	4.0974e-08
435.6	3.8948e-08
435.8	3.7022e-08
436.0	3.5191e-08
436.2	3.3451e-08
436.4	3.1797e-08
436.6	3.0224e-08
436.8	2.873e-08
437.0	2.7309e-08
437.2	2.5959e-08
437.4	2.4675e-08
437.6	2.3455e-08
437.8	2.2295e-08
438.0	2.1799e-08
438.2	2.3307e-08
438.4	2.4918e-08
438.6	2.6642e-08
438.8	2.8484e-08
439.0	3.0454e-08
439.2	3.2559e-08
439.4	3.4811e-08
439.6	3.7218e-08
439.8	3.9792e-08
440.0	4.2544e-08
440.2	4.5486e-08
440.4	4.8631e-08
440.6	5.1994e-08
440.8	5.559e-08
441.0	5.9434e-08
441.2	6.3544e-08
441.4	6.7938e-08
441.6	7.2636e-08
441.8	7.7659e-08
442.0	8.3029e-08
442.2	8.8771e-08
442.4	9.4909e-08
442.6	1.0147e-07
442.8	1.0849e-07
443.0	1.1396e-07
443.2	1.1336e-07
443.4	1.1276e-07
443.6	1.1217e-07
443.8	1.1158e-07
444.0	1.1099e-07
444.2	1.1041e-07
444.4	1.0982e-07
444.6	1.0925e-07
444.8	1.0867e-07
445.0	1.081e-07
445.2	1.0753e-07
445.4	1.0696e-07
445.6	1.064e-07
445.8	1.0584e-07
446.0	1.0528e-07
446.2	1.0473e-07
446.4	1.0418e-07
446.6	1.0363e-07
446.8	1.0308e-07
447.0	1.0254e-07
447.2	1.02e-07
447.4	1.0146e-07
447.6	1.0093e-07
447.8	1.004e-07
448.0	1.0099e-07
448.2	1.0507e-07
448.4	1.093e-07
448.6	1.1371e-07
448.8	1.183e-07
449.0	1.2307e-07
449.2	1.2803e-07
449.4	1.332e-07
449.6	1.3857e-07
449.8	1.4416e-07
450.0	1.4997e-07
450.2	1.5602e-07
450.4	1.6231e-07
450.6	1.6886e-07
450.8	1.7567e-07
451.0	1.8275e-07
451.2	1.9012e-07
451.4	1.9779e-07
451.6	1.8366e-07
451.8	1.568e-07
452.0	1.3386e-07
452.2	1.1428e-07
452.4	9.7567e-08
452.6	8.3296e-08
452.8	7.1113e-08
453.0	6.0711e-08
453.2	6.0308e-08
453.4	5.9988e-08
453.6	5.9753e-08
453.8	9.5448e-08
454.0	2.9781e-07
454.2	2.9796e-07
454.4	5.9656e-08
454.6	5.9642e-08
454.8	5.9567e-08
455.0	5.9381e-08
455.2	5.9239e-08
455.4	5.9149e-08
455.6	5.9102e-08
455.8	5.8821e-08
456.0	1.289e-07
456.2	1.0001e-07
456.4	5.8245e-08
456.6	5.8162e-08
456.8	5.8282e-08
457.0	8.2782e-08
457.2	5.8799e-08
457.4	5.9136e-08
457.6	5.9584e-08
457.8	6.0158e-08
458.0	8.4676e-08
458.2	1.1623e-07
458.4	6.636e-08
458.6	1.0028e-07
458.8	8.906e-08
459.0	9.7403e-08
459.2	2.7979e-07
459.4	7.7718e-08
459.6	6.1708e-08
459.8	6.0966e-08
460.0	6.7903e-08
460.2	1.6005e-07
460.4	1.7502e-07
460.6	1.0083e-07
460.8	5.67e-08
461.0	5.6006e-08
461.2	1.4672e-07
461.4	2.4453e-07
461.6	1.705e-07
461.8	5.3936e-08
462.0	5.3847e-08
462.2	7.6754e-08
462.4	5.3839e-08
462.6	5.9246e-08
462.8	1.4175e-07
463.0	7.7028e-08
463.2	5.3856e-08
463.4	5.3806e-08
463.6	5.3674e-08
463.8	8.5784e-08
464.0	7.6557e-08
464.2	6.3604e-08
464.4	1.1346e-07
464.6	3.0624e-07
464.8	1.2842e-07
465.0	1.4766e-07
465.2	3.2047e-07
465.4	3.6314e-07
465.6	4.0652e-07
465.8	4.5158e-07
466.0	1.901e-07
466.2	7.313e-07
466.4	7.9196e-07
466.6	9.0774e-07
466.8	1.1872e-06
467.0	1.5097e-06
467.2	1.9743e-06
467.4	3.214e-06
467.6	5.1279e-06
467.8	8.6112e-06
468.0	1.5328e-05
468.2	3.0271e-05
468.4	6.943e-05
468.6	4.9473e-04
468.8	7.5421e-04
469.0	0.00143
469.2	0.00324
469.4	0.00865
469.6	0.02735
469.8	0.09594
470.0	0.30301
470.2	0.6551
470.4	0.88974
470.6	0.95541
470.8	0.96726
471.0	0.97165
471.2	0.97469
471.4	0.97712
471.6	0.97935
471.8	0.98096
472.0	0.98011
472.2	0.97901
472.4	0.9783
472.6	0.97787
472.8	0.97853
473.0	0.97921
473.2	0.97974
473.4	0.98019
473.6	0.97914
473.8	0.97961
474.0	0.97917
474.2	0.97995
474.4	0.98037
474.6	0.9829
474.8	0.98474
475.0	0.98712
475.2	0.98623
475.4	0.98641
475.6	0.9851
475.8	0.98271
476.0	0.98026
476.2	0.97765
476.4	0.97595
476.6	0.97512
476.8	0.97506
477.0	0.97673
477.2	0.97855
477.4	0.98094
477.6	0.98364
477.8	0.98545
478.0	0.9853
478.2	0.98521
478.4	0.98309
478.6	0.98016
478.8	0.97614
479.0	0.97237
479.2	0.96808
479.4	0.96629
479.6	0.96547
479.8	0.96552
480.0	0.96742
480.2	0.9706
480.4	0.97484
480.6	0.97855
480.8	0.9829
481.0	0.98623
481.2	0.98787
481.4	0.98932
481.6	0.98905
481.8	0.98902
482.0	0.98794
482.2	0.98746
482.4	0.9871
482.6	0.9869
482.8	0.98734
483.0	0.98884
483.2	0.98947
483.4	0.98965
483.6	0.98844
483.8	0.9868
484.0	0.9835
484.2	0.98006
484.4	0.97754
484.6	0.97466
484.8	0.97368
485.0	0.97422
485.2	0.97539
485.4	0.97765
485.6	0.98032
485.8	0.98266
486.0	0.9851
486.2	0.98664
486.4	0.98765
486.6	0.9882
486.8	0.98844
487.0	0.98864
487.2	0.98781
487.4	0.98726
487.6	0.98307
487.8	0.97905
488.0	0.97338
488.2	0.96637
488.4	0.95958
488.6	0.95515
488.8	0.95141
489.0	0.9504
489.2	0.95052
489.4	0.95137
489.6	0.95011
489.8	0.94674
490.0	0.94076
490.2	0.93398
490.4	0.92652
490.6	0.92131
490.8	0.91761
491.0	0.9148
491.2	0.91237
491.4	0.90264
491.6	0.8768
491.8	0.82308
492.0	0.74475
492.2	0.66158
492.4	0.52894
492.6	0.34518
492.8	0.13024
493.0	0.03615
493.2	0.01149
493.4	0.00519
493.6	0.00204
493.8	4.0067e-04
494.0	1.5325e-04
494.2	7.2777e-05
494.4	3.961e-05
494.6	2.4208e-05
494.8	1.5307e-05
495.0	3.5816e-06
495.2	2.0958e-06
495.4	1.2473e-06
495.6	8.5192e-07
495.8	6.8178e-07
496.0	5.4562e-07
496.2	3.9509e-07
496.4	3.1926e-07
496.6	2.8702e-07
496.8	2.5804e-07
497.0	2.7399e-07
497.2	2.9093e-07
497.4	2.4653e-07
497.6	1.6384e-07
497.8	1.4366e-07
498.0	1.2597e-07
498.2	1.2921e-07
498.4	1.5604e-07
498.6	1.8843e-07
498.8	1.8881e-07
499.0	1.6683e-07
499.2	1.3009e-07
499.4	1.0145e-07
499.6	1.1957e-07
499.8	1.4274e-07
500.0	1.36e-07
500.2	9.9409e-08
500.4	9.3042e-08
500.6	8.7083e-08
500.8	8.1056e-08
501.0	7.5028e-08
501.2	6.9449e-08
501.4	3.7736e-08
501.6	2.9795e-08
501.8	3.4825e-08
502.0	4.0706e-08
502.2	6.4846e-08
502.4	1.0413e-07
502.6	1.0018e-07
502.8	5.2916e-08
503.0	3.0437e-08
503.2	1.7507e-08
503.4	1.8272e-08
503.6	3.4602e-08
503.8	6.5526e-08
504.0	2.2735e-08
504.2	1.5157e-08
504.4	1.9925e-08
504.6	2.6192e-08
504.8	2.0068e-08
505.0	1.5206e-08
505.2	2.3352e-08
505.4	7.8571e-08
505.6	8.763e-08
505.8	9.7734e-08
506.0	7.7676e-08
506.2	4.458e-08
506.4	2.5586e-08
506.6	2.5299e-08
506.8	2.7275e-08
507.0	3.1835e-08
507.2	3.7157e-08
507.4	5.6978e-08
507.6	8.7613e-08
507.8	2.432e-08
508.0	1.8412e-08
508.2	1.3939e-08
508.4	1.94e-08
508.6	5.0248e-08
508.8	1.3015e-07
509.0	1.3211e-07
509.2	1.3156e-07
509.4	1.3101e-07
509.6	1.3047e-07
509.8	1.2993e-07
510.0	1.2939e-07
510.2	1.2885e-07
510.4	1.2746e-07
510.6	1.2445e-07
510.8	1.2151e-07
511.0	1.1864e-07
511.2	1.1584e-07
511.4	1.1311e-07
511.6	1.1044e-07
511.8	1.0783e-07
512.0	1.0529e-07
512.2	1.028e-07
512.4	1.0038e-07
512.6	9.8007e-08
512.8	9.5693e-08
513.0	9.3435e-08
513.2	9.1229e-08
513.4	8.9076e-08
513.6	8.6974e-08
513.8	8.4921e-08
514.0	8.4472e-08
514.2	8.4621e-08
514.4	8.477e-08
514.6	8.4919e-08
514.8	8.5068e-08
515.0	8.5218e-08
515.2	8.5368e-08
515.4	8.5518e-08
515.6	8.5668e-08
515.8	8.5819e-08
516.0	8.597e-08
516.2	8.6121e-08
516.4	8.6272e-08
516.6	8.6424e-08
516.8	8.6576e-08
517.0	8.6728e-08
517.2	8.6881e-08
517.4	8.7033e-08
517.6	8.7186e-08
517.8	8.734e-08
518.0	8.7493e-08
518.2	8.7647e-08
518.4	8.7801e-08
518.6	8.7956e-08
518.8	8.7685e-08
519.0	8.6087e-08
519.2	8.4517e-08
519.4	8.2977e-08
519.6	8.1464e-08
519.8	7.9979e-08
520.0	7.8521e-08
520.2	7.709e-08
520.4	7.5685e-08
520.6	7.4305e-08
520.8	7.2951e-08
521.0	7.1621e-08
521.2	7.0315e-08
521.4	6.9034e-08
521.6	6.7775e-08
521.8	6.654e-08
522.0	6.5327e-08
522.2	6.4136e-08
522.4	6.2967e-08
522.6	6.1819e-08
522.8	6.0692e-08
523.0	5.9586e-08
523.2	5.85e-08
523.4	5.7434e-08
523.6	5.6387e-08
523.8	5.5832e-08
524.0	5.5432e-08
524.2	5.5034e-08
524.4	5.464e-08
524.6	5.4248e-08
524.8	5.3859e-08
525.0	5.3473e-08
525.2	5.309e-08
525.4	5.2709e-08
525.6	5.2331e-08
525.8	5.1956e-08
526.0	5.1584e-08
526.2	5.1214e-08
526.4	5.0847e-08
526.6	5.0482e-08
526.8	5.012e-08
527.0	4.9761e-08
527.2	4.9404e-08
527.4	4.905e-08
527.6	4.8698e-08
527.8	4.8349e-08
528.0	4.8002e-08
528.2	4.7658e-08
528.4	4.7317e-08
528.6	4.7035e-08
528.8	4.6932e-08
529.0	4.6829e-08
529.2	4.6726e-08
529.4	4.6623e-08
529.6	4.6521e-08
529.8	4.6419e-08
530.0	4.6317e-08
530.2	4.6215e-08
530.4	4.6113e-08
530.6	4.6012e-08
530.8	4.5911e-08
531.0	4.581e-08
531.2	4.571e-08
531.4	4.5609e-08
531.6	4.5509e-08
531.8	4.5409e-08
532.0	4.5309e-08
532.2	4.521e-08
532.4	4.5111e-08
532.6	4.5012e-08
532.8	4.4913e-08
533.0	4.4814e-08
533.2	4.4716e-08
533.4	4.4617e-08
533.6	4.4139e-08
533.8	4.3528e-08
534.0	4.2925e-08
534.2	4.2331e-08
534.4	4.1744e-08
534.6	4.1166e-08
534.8	4.0596e-08
535.0	4.0034e-08
535.2	3.9479e-08
535.4	3.8932e-08
535.6	3.8393e-08
535.8	3.7861e-08
536.0	3.7337e-08
536.2	3.682e-08
536.4	3.631e-08
536.6	3.5807e-08
536.8	3.5311e-08
537.0	3.4822e-08
537.2	3.434e-08
537.4	3.3864e-08
537.6	3.3395e-08
537.8	3.2932e-08
538.0	3.2476e-08
538.2	3.2026e-08
538.4	3.1661e-08
538.6	3.1555e-08
538.8	3.1448e-08
539.0	3.1342e-08
539.2	3.1236e-08
539.4	3.1131e-08
539.6	3.1026e-08
539.8	3.0922e-08
540.0	3.0817e-08
540.2	3.0713e-08
540.4	3.061e-08
540.6	3.0507e-08
540.8	3.0404e-08
541.0	3.0301e-08
541.2	3.0199e-08
541.4	3.0097e-08
541.6	2.9996e-08
541.8	2.9895e-08
542.0	2.9794e-08
542.2	2.9693e-08
542.4	2.9593e-08
542.6	2.9493e-08
542.8	2.9394e-08
543.0	2.9295e-08
543.2	2.9196e-08
543.4	2.8865e-08
543.6	2.8458e-08
543.8	2.8057e-08
544.0	2.7661e-08
544.2	2.7271e-08
544.4	2.6886e-08
544.6	2.6507e-08
544.8	2.6133e-08
545.0	2.5764e-08
545.2	2.5401e-08
545.4	2.5043e-08
545.6	2.469e-08
545.8	2.4341e-08
546.0	2.3998e-08
546.2	2.3659e-08
546.4	2.3326e-08
546.6	2.2997e-08
546.8	2.2672e-08
547.0	2.2353e-08
547.2	2.2037e-08
547.4	2.1726e-08
547.6	2.142e-08
547.8	2.1118e-08
548.0	2.082e-08
548.2	2.0918e-08
548.4	2.2312e-08
548.6	2.3798e-08
548.8	2.5384e-08
549.0	2.7075e-08
549.2	2.8879e-08
549.4	3.0804e-08
549.6	3.2856e-08
549.8	3.5045e-08
550.0	3.738e-08
550.2	3.9871e-08
550.4	4.2528e-08
550.6	4.5361e-08
550.8	4.8384e-08
551.0	5.1608e-08
551.2	5.5046e-08
551.4	5.8714e-08
551.6	6.2626e-08
551.8	6.6799e-08
552.0	7.125e-08
552.2	7.5998e-08
552.4	8.1061e-08
552.6	8.6463e-08
552.8	9.2224e-08
553.0	9.8369e-08
553.2	9.7171e-08
553.4	9.3499e-08
553.6	8.9965e-08
553.8	8.6565e-08
554.0	8.3294e-08
554.2	8.0146e-08
554.4	7.7118e-08
554.6	7.4203e-08
554.8	7.1399e-08
555.0	6.8701e-08
555.2	6.6105e-08
555.4	6.3606e-08
555.6	6.1203e-08
555.8	5.889e-08
556.0	5.6664e-08
556.2	5.4523e-08
556.4	5.2462e-08
556.6	5.048e-08
556.8	4.8572e-08
557.0	4.6737e-08
557.2	4.497e-08
557.4	4.3271e-08
557.6	4.1636e-08
557.8	4.0062e-08
558.0	3.8979e-08
558.2	3.921e-08
558.4	3.9442e-08
558.6	3.9676e-08
558.8	3.9911e-08
559.0	4.0147e-08
559.2	4.0385e-08
559.4	4.0624e-08
559.6	4.0865e-08
559.8	4.1107e-08
560.0	4.135e-08
560.2	4.1595e-08
560.4	4.1842e-08
560.6	4.209e-08
560.8	4.2339e-08
561.0	4.259e-08
561.2	4.2842e-08
561.4	4.3096e-08
561.6	4.3351e-08
561.8	4.3608e-08
562.0	4.3866e-08
562.2	4.4126e-08
562.4	4.4388e-08
562.6	4.4651e-08
562.8	4.4065e-08
563.0	4.2755e-08
563.2	4.1485e-08
563.4	4.0252e-08
563.6	3.9056e-08
563.8	3.7895e-08
564.0	3.6769e-08
564.2	3.5676e-08
564.4	3.4616e-08
564.6	3.3588e-08
564.8	3.2589e-08
565.0	3.1621e-08
565.2	3.0681e-08
565.4	2.977e-08
565.6	2.8885e-08
565.8	2.8027e-08
566.0	2.7194e-08
566.2	2.6386e-08
566.4	2.6431e-08
566.6	2.6502e-08
566.8	2.6574e-08
567.0	2.6645e-08
567.2	2.6717e-08
567.4	2.679e-08
567.6	2.6862e-08
567.8	2.6934e-08
568.0	2.7007e-08
568.2	2.708e-08
568.4	2.7153e-08
568.6	2.7226e-08
568.8	2.73e-08
569.0	2.7374e-08
569.2	2.7447e-08
569.4	2.7522e-08
569.6	2.806e-08
569.8	3.0651e-08
570.0	3.348e-08
570.2	3.657e-08
570.4	3.9946e-08
570.6	4.3634e-08
570.8	4.7662e-08
571.0	5.2061e-08
571.2	5.6867e-08
571.4	6.2117e-08
571.6	6.7851e-08
571.8	7.4114e-08
572.0	8.0956e-08
572.2	8.8429e-08
572.4	9.6591e-08
572.6	1.0551e-07
572.8	1.1525e-07
573.0	1.2589e-07
573.2	1.3737e-07
573.4	1.3576e-07
573.6	1.3418e-07
573.8	1.3261e-07
574.0	1.3106e-07
574.2	1.2952e-07
574.4	1.2801e-07
574.6	1.2651e-07
574.8	1.2503e-07
575.0	1.2357e-07
575.2	1.2213e-07
575.4	1.207e-07
575.6	1.1929e-07
575.8	1.1789e-07
576.0	1.1651e-07
576.2	1.1515e-07
576.4	1.1381e-07
576.6	1.1248e-07
576.8	1.1116e-07
577.0	1.0895e-07
577.2	1.0625e-07
577.4	1.0361e-07
577.6	1.0104e-07
577.8	9.8535e-08
578.0	9.6091e-08
578.2	9.3708e-08
578.4	9.1384e-08
578.6	8.9118e-08
578.8	8.6907e-08
579.0	8.4752e-08
579.2	8.265e-08
579.4	8.06e-08
579.6	7.8601e-08
579.8	7.6652e-08
580.0	7.4751e-08
580.2	7.2897e-08
580.4	7.1089e-08
580.6	6.9602e-08
580.8	6.8945e-08
581.0	6.8294e-08
581.2	6.7649e-08
581.4	6.701e-08
581.6	6.6377e-08
581.8	6.5751e-08
582.0	6.513e-08
582.2	6.4515e-08
582.4	6.3905e-08
582.6	6.3302e-08
582.8	6.2704e-08
583.0	6.2112e-08
583.2	6.1525e-08
583.4	6.0944e-08
583.6	6.0369e-08
583.8	5.9799e-08
584.0	5.9234e-08
584.2	5.8675e-08
584.4	5.9823e-08
584.6	6.1212e-08
584.8	6.2633e-08
585.0	6.4088e-08
585.2	6.5576e-08
585.4	6.7098e-08
585.6	6.8656e-08
585.8	7.025e-08
586.0	7.1881e-08
586.2	7.355e-08
586.4	7.5258e-08
586.6	7.7005e-08
586.8	7.8793e-08
587.0	8.0623e-08
587.2	8.2495e-08
587.4	8.441e-08
587.6	8.637e-08
587.8	8.8375e-08
588.0	8.7873e-08
588.2	8.5266e-08
588.4	8.2736e-08
588.6	8.0282e-08
588.8	7.79e-08
589.0	7.5589e-08
589.2	7.3346e-08
589.4	7.117e-08
589.6	6.9059e-08
589.8	6.701e-08
590.0	6.5022e-08
590.2	6.3093e-08
590.4	6.1221e-08
590.6	5.9405e-08
590.8	5.7642e-08
591.0	5.5932e-08
591.2	5.4273e-08
591.4	5.2663e-08
591.6	5.1615e-08
591.8	5.2658e-08
592.0	5.3722e-08
592.2	5.4807e-08
592.4	5.5914e-08
592.6	5.7043e-08
592.8	5.8195e-08
593.0	5.9371e-08
593.2	6.057e-08
593.4	6.1794e-08
593.6	6.3042e-08
593.8	6.4315e-08
594.0	6.5615e-08
594.2	6.694e-08
594.4	6.8292e-08
594.6	6.9672e-08
594.8	7.1079e-08
595.0	7.2515e-08
595.2	7.398e-08
595.4	7.0298e-08
595.6	6.6064e-08
595.8	6.2085e-08
596.0	5.8345e-08
596.2	5.483e-08
596.4	5.1528e-08
596.6	4.8424e-08
596.8	4.5507e-08
597.0	4.2766e-08
597.2	4.019e-08
597.4	3.7769e-08
597.6	3.5494e-08
597.8	3.3356e-08
598.0	3.1347e-08
598.2	2.9459e-08
598.4	2.7684e-08
598.6	2.6017e-08
598.8	2.4449e-08
599.0	2.3824e-08
599.2	2.3927e-08
599.4	2.403e-08
599.6	2.4133e-08
599.8	2.4237e-08
600.0	2.4342e-08
600.2	2.4447e-08
600.4	2.4552e-08
600.6	2.4658e-08
600.8	2.4765e-08
601.0	2.4871e-08
601.2	2.4979e-08
601.4	2.5086e-08
601.6	2.5194e-08
601.8	2.5303e-08
602.0	2.5412e-08
602.2	2.5522e-08
602.4	2.5632e-08
602.6	2.5778e-08
602.8	2.604e-08
603.0	2.6305e-08
603.2	2.6573e-08
603.4	2.6843e-08
603.6	2.7116e-08
603.8	2.7392e-08
604.0	2.7671e-08
604.2	2.7952e-08
604.4	2.8237e-08
604.6	2.8524e-08
604.8	2.8814e-08
605.0	2.9107e-08
605.2	2.9404e-08
605.4	2.9703e-08
605.6	3.0005e-08
605.8	3.031e-08
606.0	3.0619e-08
606.2	3.093e-08
606.4	3.0091e-08
606.6	2.9198e-08
606.8	2.8331e-08
607.0	2.749e-08
607.2	2.6674e-08
607.4	2.5882e-08
607.6	2.5114e-08
607.8	2.4369e-08
608.0	2.3645e-08
608.2	3.3414e-08
608.4	4.7218e-08
608.6	6.6725e-08
608.8	9.4291e-08
609.0	1.0e-07
609.2	1.0e-07
609.4	1.0e-07
609.6	1.0e-07
609.8	1.0e-07
610.0	1.0e-07
610.2	1.0e-07
610.4	1.0e-07
610.6	1.0e-07
610.8	1.0e-07
611.0	1.0e-07
611.2	1.0e-07
611.4	1.0e-07
611.6	1.0e-07
611.8	1.0e-07
612.0	1.0e-07
612.2	1.0e-07
612.4	1.0e-07
612.6	9.6059e-08
612.8	8.7669e-08
613.0	8.0012e-08
613.2	7.3023e-08
613.4	6.6646e-08
613.6	6.0825e-08
613.8	5.5512e-08
614.0	5.0664e-08
614.2	4.6239e-08
614.4	4.22e-08
614.6	3.8514e-08
614.8	3.5151e-08
615.0	3.208e-08
615.2	2.9279e-08
615.4	2.6721e-08
615.6	2.4387e-08
615.8	2.2257e-08
616.0	2.0314e-08
616.2	1.8609e-08
616.4	1.8085e-08
616.6	1.7576e-08
616.8	1.7081e-08
617.0	1.66e-08
617.2	1.6132e-08
617.4	1.5678e-08
617.6	1.5236e-08
617.8	1.4807e-08
618.0	1.439e-08
618.2	1.3984e-08
618.4	1.359e-08
618.6	1.3208e-08
618.8	1.2836e-08
619.0	1.2474e-08
619.2	1.2123e-08
619.4	1.1781e-08
619.6	1.1449e-08
619.8	1.1127e-08
620.0	1.1981e-08
620.2	1.351e-08
620.4	1.5234e-08
620.6	1.7178e-08
620.8	1.9369e-08
621.0	2.184e-08
621.2	2.4627e-08
621.4	2.7769e-08
621.6	3.1312e-08
621.8	3.5307e-08
622.0	3.9812e-08
622.2	4.4891e-08
622.4	5.0619e-08
622.6	5.7077e-08
622.8	6.4359e-08
623.0	7.257e-08
623.2	8.1829e-08
623.4	9.227e-08
623.6	9.6636e-08
623.8	8.7117e-08
624.0	7.8535e-08
624.2	7.0799e-08
624.4	6.3825e-08
624.6	5.7538e-08
624.8	5.187e-08
625.0	4.676e-08
625.2	4.2154e-08
625.4	3.8002e-08
625.6	3.4258e-08
625.8	3.0884e-08
626.0	2.7842e-08
626.2	2.5099e-08
626.4	2.2627e-08
626.6	2.0398e-08
626.8	1.8388e-08
627.0	1.6577e-08
627.2	1.4944e-08
627.4	1.651e-08
627.6	1.8315e-08
627.8	2.0318e-08
628.0	2.2541e-08
628.2	2.5006e-08
628.4	2.774e-08
628.6	3.0774e-08
628.8	3.414e-08
629.0	3.7873e-08
629.2	4.2015e-08
629.4	4.661e-08
629.6	5.1708e-08
629.8	5.7363e-08
630.0	6.3636e-08
630.2	7.0595e-08
630.4	7.8316e-08
630.6	8.6881e-08
630.8	9.6383e-08
631.0	1.0e-07
631.2	1.0e-07
631.4	1.0e-07
631.6	1.0e-07
631.8	1.0e-07
632.0	1.0e-07
632.2	1.0e-07
632.4	1.0e-07
632.6	1.0e-07
632.8	1.0e-07
633.0	1.0e-07
633.2	1.0e-07
633.4	1.0e-07
633.6	1.0e-07
633.8	1.0e-07
634.0	1.0e-07
634.2	1.0e-07
634.4	1.0e-07
634.6	1.0e-07
634.8	1.0e-07
635.0	1.0e-07
635.2	1.0e-07
635.4	1.0e-07
635.6	1.0e-07
635.8	1.0e-07
636.0	1.0e-07
636.2	1.0e-07
636.4	1.0e-07
636.6	1.0e-07
636.8	1.0e-07
637.0	1.0e-07
637.2	1.0e-07
637.4	1.0e-07
637.6	1.0e-07
637.8	1.0e-07
638.0	1.0e-07
638.2	1.0e-07
638.4	9.4605e-08
638.6	8.9477e-08
638.8	8.4627e-08
639.0	8.0039e-08
639.2	7.57e-08
639.4	7.1597e-08
639.6	6.7716e-08
639.8	6.4045e-08
640.0	6.0573e-08
640.2	5.7289e-08
640.4	5.4184e-08
640.6	5.1247e-08
640.8	4.8469e-08
641.0	4.5841e-08
641.2	4.3356e-08
641.4	4.1006e-08
641.6	3.8783e-08
641.8	3.6681e-08
642.0	3.5247e-08
642.2	3.4117e-08
642.4	3.3024e-08
642.6	3.1966e-08
642.8	3.0941e-08
643.0	2.995e-08
643.2	2.899e-08
643.4	2.8061e-08
643.6	2.7162e-08
643.8	2.6291e-08
644.0	2.5449e-08
644.2	2.4633e-08
644.4	2.3844e-08
644.6	2.3079e-08
644.8	2.234e-08
645.0	2.1624e-08
645.2	2.0931e-08
645.4	2.026e-08
645.6	1.9825e-08
645.8	1.9732e-08
646.0	1.964e-08
646.2	1.9548e-08
646.4	1.9456e-08
646.6	1.9365e-08
646.8	1.9274e-08
647.0	1.9184e-08
647.2	1.9094e-08
647.4	1.9005e-08
647.6	1.8916e-08
647.8	1.8827e-08
648.0	1.8739e-08
648.2	1.8651e-08
648.4	1.8564e-08
648.6	1.8477e-08
648.8	1.839e-08
649.0	1.8304e-08
649.2	1.8349e-08
649.4	1.9622e-08
649.6	2.0982e-08
649.8	2.2437e-08
650.0	2.3993e-08
650.2	2.5657e-08
650.4	2.7437e-08
650.6	2.9339e-08
650.8	3.1374e-08
651.0	3.3549e-08
651.2	3.5876e-08
651.4	3.8364e-08
651.6	4.1024e-08
651.8	4.3869e-08
652.0	4.6911e-08
652.2	5.0164e-08
652.4	5.3643e-08
652.6	5.7363e-08
652.8	6.1341e-08
653.0	5.8708e-08
653.2	5.4836e-08
653.4	5.1219e-08
653.6	4.7841e-08
653.8	4.4686e-08
654.0	4.1739e-08
654.2	3.8986e-08
654.4	3.6415e-08
654.6	3.4013e-08
654.8	3.177e-08
655.0	2.9674e-08
655.2	2.7717e-08
655.4	2.5889e-08
655.6	2.4182e-08
655.8	2.2587e-08
656.0	2.1097e-08
656.2	1.9706e-08
656.4	1.8406e-08
656.6	1.7661e-08
656.8	1.7316e-08
657.0	1.6977e-08
657.2	1.6645e-08
657.4	1.6319e-08
657.6	1.6e-08
657.8	1.5687e-08
658.0	1.5381e-08
658.2	1.508e-08
658.4	1.4785e-08
658.6	1.4496e-08
658.8	1.4212e-08
659.0	1.3934e-08
659.2	1.3662e-08
659.4	1.3395e-08
659.6	1.3133e-08
659.8	1.2876e-08
660.0	1.2624e-08
660.2	1.289e-08
660.4	1.4505e-08
660.6	1.6321e-08
660.8	1.8364e-08
661.0	2.0664e-08
661.2	2.3251e-08
661.4	2.6163e-08
661.6	2.9439e-08
661.8	3.3125e-08
662.0	3.7273e-08
662.2	4.194e-08
662.4	4.7192e-08
662.6	5.3101e-08
662.8	5.9751e-08
663.0	6.7232e-08
663.2	7.5651e-08
663.4	8.5124e-08
663.6	9.5783e-08
663.8	1.0673e-07
664.0	9.6682e-08
664.2	8.758e-08
664.4	7.9335e-08
664.6	7.1866e-08
664.8	6.51e-08
665.0	5.8971e-08
665.2	5.3419e-08
665.4	4.839e-08
665.6	4.3835e-08
665.8	3.9708e-08
666.0	3.597e-08
666.2	3.2583e-08
666.4	2.9516e-08
666.6	2.6737e-08
666.8	2.422e-08
667.0	2.194e-08
667.2	1.9874e-08
667.4	1.8003e-08
667.6	1.8089e-08
667.8	1.8622e-08
668.0	1.9171e-08
668.2	1.9736e-08
668.4	2.0318e-08
668.6	2.0917e-08
668.8	2.1534e-08
669.0	2.2169e-08
669.2	2.2822e-08
669.4	2.3495e-08
669.6	2.4187e-08
669.8	2.4901e-08
670.0	2.5635e-08
670.2	2.639e-08
670.4	2.7168e-08
670.6	2.7969e-08
670.8	2.8794e-08
671.0	2.9643e-08
671.2	3.2174e-08
671.4	3.6286e-08
671.6	4.0923e-08
671.8	4.6153e-08
672.0	5.2051e-08
672.2	5.8703e-08
672.4	6.6205e-08
672.6	7.4666e-08
672.8	8.4208e-08
673.0	9.4969e-08
673.2	1.0179e-07
673.4	1.0909e-07
673.6	1.1693e-07
673.8	1.2532e-07
674.0	1.3158e-07
674.2	1.2296e-07
674.4	1.149e-07
674.6	1.0737e-07
674.8	1.0034e-07
675.0	9.3763e-08
675.2	8.7619e-08
675.4	8.1877e-08
675.6	7.6512e-08
675.8	7.1498e-08
676.0	6.6813e-08
676.2	6.2435e-08
676.4	5.8344e-08
676.6	5.4521e-08
676.8	5.0948e-08
677.0	4.7609e-08
677.2	4.449e-08
677.4	4.1574e-08
677.6	3.885e-08
677.8	4.0682e-08
678.0	4.357e-08
678.2	4.6662e-08
678.4	4.9974e-08
678.6	5.3521e-08
678.8	5.732e-08
679.0	6.1389e-08
679.2	6.5746e-08
679.4	7.0413e-08
679.6	7.5411e-08
679.8	8.0763e-08
680.0	8.6496e-08
680.2	9.2635e-08
680.4	9.9211e-08
680.6	1.0625e-07
680.8	1.1379e-07
681.0	1.2187e-07
681.2	1.3052e-07
681.4	1.4507e-07
681.6	1.6662e-07
681.8	1.9138e-07
682.0	2.1982e-07
682.2	2.5248e-07
682.4	2.9e-07
682.6	3.3309e-07
682.8	3.8258e-07
683.0	4.3943e-07
683.2	5.0473e-07
683.4	5.7972e-07
683.6	6.6586e-07
683.8	7.6481e-07
684.0	8.7845e-07
684.2	1.009e-06
684.4	1.1589e-06
684.6	1.3311e-06
684.8	1.5289e-06
685.0	1.6857e-06
685.2	1.6268e-06
685.4	1.57e-06
685.6	1.5152e-06
685.8	1.4623e-06
686.0	1.4112e-06
686.2	1.362e-06
686.4	1.3144e-06
686.6	1.2685e-06
686.8	1.2242e-06
687.0	1.1815e-06
687.2	1.1402e-06
687.4	1.1004e-06
687.6	1.062e-06
687.8	1.0249e-06
688.0	9.8912e-07
688.2	9.5458e-07
688.4	9.2125e-07
688.6	8.8908e-07
688.8	8.3401e-07
689.0	7.8131e-07
689.2	7.3194e-07
689.4	6.8568e-07
689.6	6.4235e-07
689.8	6.0176e-07
690.0	5.6373e-07
690.2	5.2811e-07
690.4	4.9474e-07
690.6	4.6347e-07
690.8	4.3418e-07
691.0	4.0675e-07
691.2	3.8104e-07
691.4	3.5696e-07
691.6	3.3441e-07
691.8	3.1327e-07
692.0	2.9348e-07
692.2	2.7493e-07
692.4	2.6994e-07
692.6	2.7096e-07
692.8	2.7198e-07
693.0	2.7301e-07
693.2	2.7404e-07
693.4	2.7507e-07
693.6	2.7611e-07
693.8	2.7715e-07
694.0	2.7819e-07
694.2	2.7924e-07
694.4	2.803e-07
694.6	2.8136e-07
694.8	2.8242e-07
695.0	2.8348e-07
695.2	2.8455e-07
695.4	2.8563e-07
695.6	2.867e-07
695.8	2.8778e-07
696.0	2.9124e-07
696.2	2.9813e-07
696.4	3.052e-07
696.6	3.1243e-07
696.8	3.1983e-07
697.0	3.274e-07
697.2	3.3516e-07
697.4	3.431e-07
697.6	3.5122e-07
697.8	3.5954e-07
698.0	3.6806e-07
698.2	3.7678e-07
698.4	3.8571e-07
698.6	3.9484e-07
698.8	4.0419e-07
699.0	4.1377e-07
699.2	4.2357e-07
699.4	4.336e-07
699.6	4.3703e-07
699.8	4.0717e-07
700.0	3.7934e-07
700.2	3.5342e-07
700.4	3.2927e-07
700.6	3.0677e-07
700.8	2.858e-07
701.0	2.6627e-07
701.2	2.4808e-07
701.4	2.3113e-07
701.6	2.1533e-07
701.8	2.0062e-07
702.0	1.8691e-07
702.2	1.7413e-07
702.4	1.6224e-07
702.6	1.5115e-07
702.8	1.4082e-07
703.0	1.312e-07
703.2	1.2223e-07
703.4	1.192e-07
703.6	1.1671e-07
703.8	1.1426e-07
704.0	1.1187e-07
704.2	1.0953e-07
704.4	1.0724e-07
704.6	1.05e-07
704.8	1.028e-07
705.0	1.0065e-07
705.2	9.8544e-08
705.4	9.6482e-08
705.6	9.4464e-08
705.8	9.2487e-08
706.0	9.0552e-08
706.2	8.8658e-08
706.4	8.6803e-08
706.6	8.4987e-08
706.8	8.3209e-08
707.0	8.5131e-08
707.2	8.8877e-08
707.4	9.2788e-08
707.6	9.6871e-08
707.8	1.0113e-07
708.0	1.0558e-07
708.2	1.1023e-07
708.4	1.1508e-07
708.6	1.2014e-07
708.8	1.2543e-07
709.0	1.3095e-07
709.2	1.3671e-07
709.4	1.4273e-07
709.6	1.4901e-07
709.8	1.5556e-07
710.0	1.6241e-07
710.2	1.6956e-07
710.4	1.7702e-07
710.6	1.8835e-07
710.8	2.0483e-07
711.0	2.2276e-07
711.2	2.4225e-07
711.4	2.6345e-07
711.6	2.865e-07
711.8	3.1157e-07
712.0	3.3884e-07
712.2	3.6849e-07
712.4	4.0074e-07
712.6	4.3581e-07
712.8	4.7394e-07
713.0	5.1542e-07
713.2	5.6052e-07
713.4	6.0957e-07
713.6	6.6292e-07
713.8	7.2093e-07
714.0	7.8402e-07
714.2	8.4371e-07
714.4	8.7974e-07
714.6	9.1731e-07
714.8	9.5649e-07
715.0	9.9734e-07
715.2	1.0399e-06
715.4	1.0843e-06
715.6	1.1307e-06
715.8	1.1789e-06
716.0	1.2293e-06
716.2	1.2818e-06
716.4	1.3365e-06
716.6	1.3936e-06
716.8	1.4531e-06
717.0	1.5152e-06
717.2	1.5799e-06
717.4	1.6474e-06
717.6	1.7177e-06
717.8	1.7909e-06
718.0	1.863e-06
718.2	1.938e-06
718.4	2.016e-06
718.6	2.0971e-06
718.8	2.1816e-06
719.0	2.2694e-06
719.2	2.3607e-06
719.4	2.4558e-06
719.6	2.5546e-06
719.8	2.6575e-06
720.0	2.7645e-06
720.2	2.8758e-06
720.4	2.9915e-06
720.6	3.112e-06
720.8	3.2372e-06
721.0	3.3676e-06
721.2	3.5031e-06
721.4	3.6441e-06
721.6	3.7798e-06
721.8	3.9185e-06
722.0	4.0624e-06
722.2	4.2115e-06
722.4	4.3661e-06
722.6	4.5264e-06
722.8	4.6926e-06
723.0	4.8648e-06
723.2	5.0434e-06
723.4	5.2286e-06
723.6	5.4205e-06
723.8	5.6195e-06
724.0	5.8258e-06
724.2	6.0396e-06
724.4	6.2614e-06
724.6	6.4912e-06
724.8	6.7295e-06
725.0	6.9765e-06
725.2	7.1864e-06
725.4	7.3792e-06
725.6	7.5773e-06
725.8	7.7806e-06
726.0	7.9894e-06
726.2	8.2038e-06
726.4	8.4239e-06
726.6	8.65e-06
726.8	8.8821e-06
727.0	9.1204e-06
727.2	9.3652e-06
727.4	9.6165e-06
727.6	9.8746e-06
727.8	1.014e-05
728.0	1.0412e-05
728.2	1.0691e-05
728.4	1.0978e-05
728.6	1.1273e-05
728.8	1.1102e-05
729.0	1.0487e-05
729.2	9.9069e-06
729.4	9.3584e-06
729.6	8.8403e-06
729.8	8.3509e-06
730.0	7.8886e-06
730.2	7.4519e-06
730.4	7.0394e-06
730.6	6.6497e-06
730.8	6.2815e-06
731.0	5.9338e-06
731.2	5.6053e-06
731.4	5.295e-06
731.6	5.0018e-06
731.8	4.7249e-06
732.0	4.4634e-06
732.2	4.2163e-06
732.4	4.0041e-06
732.6	3.8428e-06
732.8	3.6881e-06
733.0	3.5396e-06
733.2	3.397e-06
733.4	3.2602e-06
733.6	3.129e-06
733.8	3.003e-06
734.0	2.882e-06
734.2	2.766e-06
734.4	2.6546e-06
734.6	2.5477e-06
734.8	2.4451e-06
735.0	2.3467e-06
735.2	2.2522e-06
735.4	2.1615e-06
735.6	2.0744e-06
735.8	1.9909e-06
736.0	1.9285e-06
736.2	1.9457e-06
736.4	1.9631e-06
736.6	1.9806e-06
736.8	1.9983e-06
737.0	2.0162e-06
737.2	2.0342e-06
737.4	2.0524e-06
737.6	2.0707e-06
737.8	2.0892e-06
738.0	2.1079e-06
738.2	2.1129e-06
738.4	2.1178e-06
738.6	2.1228e-06
738.8	2.1278e-06
739.0	2.1328e-06
739.2	2.2013e-06
739.4	2.3369e-06
739.6	2.4807e-06
739.8	2.6335e-06
740.0	2.7956e-06
740.2	2.9677e-06
740.4	3.1505e-06
740.6	3.3444e-06
740.8	3.5504e-06
741.0	3.769e-06
741.2	4.001e-06
741.4	4.2474e-06
741.6	4.5089e-06
741.8	4.7865e-06
742.0	5.0812e-06
742.2	5.394e-06
742.4	5.7262e-06
742.6	6.0787e-06
742.8	6.4625e-06
743.0	6.8974e-06
743.2	7.3616e-06
743.4	7.857e-06
743.6	8.3857e-06
743.8	8.95e-06
744.0	9.5523e-06
744.2	1.0195e-05
744.4	1.0881e-05
744.6	1.1613e-05
744.8	1.2395e-05
745.0	1.3229e-05
745.2	1.4119e-05
745.4	1.5069e-05
745.6	1.6083e-05
745.8	1.7166e-05
746.0	1.8321e-05
746.2	1.9554e-05
746.4	2.0756e-05
746.6	1.9859e-05
746.8	1.9001e-05
747.0	1.8179e-05
747.2	1.7394e-05
747.4	1.6642e-05
747.6	1.5923e-05
747.8	1.5235e-05
748.0	1.4576e-05
748.2	1.3946e-05
748.4	1.3343e-05
748.6	1.2767e-05
748.8	1.2215e-05
749.0	1.1687e-05
749.2	1.1182e-05
749.4	1.0699e-05
749.6	1.0236e-05
749.8	9.7939e-06
750.0	9.3706e-06
750.2	9.5096e-06
750.4	9.7637e-06
750.6	1.0024e-05
750.8	1.0292e-05
751.0	1.0567e-05
751.2	1.0849e-05
751.4	1.1139e-05
751.6	1.1437e-05
751.8	1.1742e-05
752.0	1.2056e-05
752.2	1.2378e-05
752.4	1.2709e-05
752.6	1.3048e-05
752.8	1.3397e-05
753.0	1.3755e-05
753.2	1.4122e-05
753.4	1.4499e-05
753.6	1.4887e-05
753.8	1.5208e-05
754.0	1.5489e-05
754.2	1.5775e-05
754.4	1.6067e-05
754.6	1.6364e-05
754.8	1.6667e-05
755.0	1.6975e-05
755.2	1.7289e-05
755.4	1.7609e-05
755.6	1.7934e-05
755.8	1.8266e-05
756.0	1.8604e-05
756.2	1.8948e-05
756.4	1.9298e-05
756.6	1.9655e-05
756.8	2.0018e-05
757.0	2.0388e-05
757.2	2.0765e-05
757.4	2.0414e-05
757.6	1.9148e-05
757.8	1.796e-05
758.0	1.6847e-05
758.2	1.5802e-05
758.4	1.4822e-05
758.6	1.3903e-05
758.8	1.3041e-05
759.0	1.2232e-05
759.2	1.1474e-05
759.4	1.0762e-05
759.6	1.0095e-05
759.8	9.4687e-06
760.0	8.8815e-06
760.2	8.3308e-06
760.4	7.8142e-06
760.6	7.3296e-06
760.8	6.8751e-06
761.0	6.4954e-06
761.2	6.2746e-06
761.4	6.0613e-06
761.6	5.8552e-06
761.8	5.6562e-06
762.0	5.4639e-06
762.2	5.2781e-06
762.4	5.0987e-06
762.6	4.9254e-06
762.8	4.7579e-06
763.0	4.5962e-06
763.2	4.4399e-06
763.4	4.289e-06
763.6	4.1432e-06
763.8	4.0023e-06
764.0	3.8663e-06
764.2	3.7348e-06
764.4	3.6079e-06
764.6	3.4869e-06
764.8	3.3916e-06
765.0	3.2988e-06
765.2	3.2086e-06
765.4	3.1209e-06
765.6	3.0355e-06
765.8	2.9525e-06
766.0	2.8718e-06
766.2	2.7932e-06
766.4	2.7169e-06
766.6	2.6426e-06
766.8	2.5703e-06
767.0	2.5e-06
767.2	2.4317e-06
767.4	2.3652e-06
767.6	2.3005e-06
767.8	2.2376e-06
768.0	2.1764e-06
768.2	2.1169e-06
768.4	2.0885e-06
768.6	2.0635e-06
768.8	2.0388e-06
769.0	2.0145e-06
769.2	1.9904e-06
769.4	1.9666e-06
769.6	1.9431e-06
769.8	1.9199e-06
770.0	1.8969e-06
770.2	1.8742e-06
770.4	1.8518e-06
770.6	1.8297e-06
770.8	1.8078e-06
771.0	1.7862e-06
771.2	1.7649e-06
771.4	1.7438e-06
771.6	1.7229e-06
771.8	1.7024e-06
772.0	1.7049e-06
772.2	1.7153e-06
772.4	1.7258e-06
772.6	1.7363e-06
772.8	1.7469e-06
773.0	1.7576e-06
773.2	1.7684e-06
773.4	1.7792e-06
773.6	1.7901e-06
773.8	1.801e-06
774.0	1.812e-06
774.2	1.8231e-06
774.4	1.8342e-06
774.6	1.8454e-06
774.8	1.8567e-06
775.0	1.8681e-06
775.2	1.8795e-06
775.4	1.891e-06
775.6	1.9265e-06
775.8	1.9791e-06
776.0	2.0331e-06
776.2	2.0885e-06
776.4	2.1455e-06
776.6	2.2041e-06
776.8	2.2643e-06
777.0	2.3261e-06
777.2	2.3895e-06
777.4	2.4548e-06
777.6	2.5217e-06
777.8	2.5906e-06
778.0	2.6613e-06
778.2	2.7339e-06
778.4	2.8085e-06
778.6	2.8852e-06
778.8	2.9639e-06
779.0	3.0448e-06
779.2	3.1715e-06
779.4	3.3565e-06
779.6	3.5522e-06
779.8	3.7594e-06
780.0	3.9787e-06
780.2	4.2108e-06
780.4	4.4564e-06
780.6	4.7163e-06
780.8	4.9914e-06
781.0	5.2825e-06
781.2	5.5907e-06
781.4	5.9168e-06
781.6	6.2619e-06
781.8	6.6271e-06
782.0	7.0136e-06
782.2	7.4227e-06
782.4	7.8557e-06
782.6	8.3139e-06
782.8	8.9318e-06
783.0	9.8792e-06
783.2	1.0927e-05
783.4	1.2086e-05
783.6	1.3368e-05
783.8	1.4786e-05
784.0	1.6354e-05
784.2	1.8089e-05
784.4	2.0008e-05
784.6	2.213e-05
784.8	2.4478e-05
785.0	2.7074e-05
785.2	2.9946e-05
785.4	3.3122e-05
785.6	3.6635e-05
785.8	4.0521e-05
786.0	4.4819e-05
786.2	4.9573e-05
786.4	5.3505e-05
786.6	5.3079e-05
786.8	5.2655e-05
787.0	5.2236e-05
787.2	5.1819e-05
787.4	5.1406e-05
787.6	5.0996e-05
787.8	5.059e-05
788.0	5.0186e-05
788.2	4.9786e-05
788.4	4.9389e-05
788.6	4.8996e-05
788.8	4.8605e-05
789.0	4.8217e-05
789.2	4.7833e-05
789.4	4.7452e-05
789.6	4.7073e-05
789.8	4.6698e-05
790.0	4.6235e-05
790.2	4.5119e-05
790.4	4.4031e-05
790.6	4.2969e-05
790.8	4.1933e-05
791.0	4.0921e-05
791.2	3.9934e-05
791.4	3.8971e-05
791.6	3.8031e-05
791.8	3.7114e-05
792.0	3.6219e-05
792.2	3.5345e-05
792.4	3.4493e-05
792.6	3.3661e-05
792.8	3.2849e-05
793.0	3.2056e-05
793.2	3.1283e-05
793.4	3.0529e-05
793.6	2.9849e-05
793.8	3.1433e-05
794.0	3.3101e-05
794.2	3.4857e-05
794.4	3.6706e-05
794.6	3.8654e-05
794.8	4.0705e-05
795.0	4.2865e-05
795.2	4.4362e-05
795.4	4.5911e-05
795.6	4.7514e-05
795.8	4.9173e-05
796.0	5.0891e-05
796.2	5.2668e-05
796.4	5.4507e-05
796.6	5.641e-05
796.8	5.838e-05
797.0	6.0419e-05
797.2	6.2056e-05
797.4	6.1415e-05
797.6	6.0782e-05
797.8	6.0154e-05
798.0	5.9534e-05
798.2	5.8919e-05
798.4	5.8311e-05
798.6	5.771e-05
798.8	5.7114e-05
799.0	5.6525e-05
799.2	5.5942e-05
799.4	5.5364e-05
799.6	5.4793e-05
799.8	5.4228e-05
800.0	5.3668e-05
800.2	5.3115e-05
800.4	5.2566e-05
800.6	5.2024e-05
800.8	5.144e-05
801.0	5.0396e-05
801.2	4.9374e-05
801.4	4.8372e-05
801.6	4.739e-05
801.8	4.6428e-05
802.0	4.5486e-05
802.2	4.4563e-05
802.4	4.3659e-05
802.6	4.2773e-05
802.8	4.1905e-05
803.0	4.1054e-05
803.2	3.9897e-05
803.4	3.8772e-05
803.6	3.7679e-05
803.8	3.6617e-05
804.0	3.5585e-05
804.2	3.4616e-05
804.4	3.5944e-05
804.6	3.7324e-05
804.8	3.8756e-05
805.0	4.0244e-05
805.2	4.1788e-05
805.4	4.3392e-05
805.6	4.5058e-05
805.8	4.6787e-05
806.0	4.8582e-05
806.2	5.0447e-05
806.4	5.2383e-05
806.6	5.4393e-05
806.8	5.6481e-05
807.0	5.8649e-05
807.2	6.09e-05
807.4	6.3237e-05
807.6	6.5664e-05
807.8	6.8184e-05
808.0	6.9428e-05
808.2	7.0478e-05
808.4	7.1545e-05
808.6	7.2628e-05
808.8	7.3727e-05
809.0	7.4843e-05
809.2	7.5976e-05
809.4	7.7126e-05
809.6	7.8293e-05
809.8	7.9478e-05
810.0	8.0681e-05
810.2	8.1902e-05
810.4	8.3142e-05
810.6	8.44e-05
810.8	8.5678e-05
811.0	8.6974e-05
811.2	8.8291e-05
811.4	8.9627e-05
811.6	8.8325e-05
811.8	8.6045e-05
812.0	8.3823e-05
812.2	8.1658e-05
812.4	7.955e-05
812.6	7.7496e-05
812.8	7.5495e-05
813.0	7.3545e-05
813.2	7.1646e-05
813.4	6.9796e-05
813.6	6.7994e-05
813.8	6.6238e-05
814.0	6.4528e-05
814.2	6.2862e-05
814.4	6.1239e-05
814.6	5.9657e-05
814.8	5.8117e-05
815.0	5.6616e-05
815.2	5.6518e-05
815.4	5.7384e-05
815.6	5.8264e-05
815.8	5.9158e-05
816.0	6.0065e-05
816.2	6.0986e-05
816.4	6.1922e-05
816.6	6.2871e-05
816.8	6.3835e-05
817.0	6.4814e-05
817.2	6.5808e-05
817.4	6.6818e-05
817.6	6.7842e-05
817.8	6.8883e-05
818.0	6.9939e-05
818.2	7.1012e-05
818.4	7.2101e-05
818.6	7.3207e-05
818.8	7.2836e-05
819.0	7.0795e-05
819.2	6.8811e-05
819.4	6.6883e-05
819.6	6.5009e-05
819.8	6.3187e-05
820.0	6.1417e-05
820.2	5.9696e-05
820.4	5.8023e-05
820.6	5.6397e-05
820.8	5.4817e-05
821.0	5.3281e-05
821.2	5.1788e-05
821.4	5.0337e-05
821.6	4.8926e-05
821.8	4.7555e-05
822.0	4.6223e-05
822.2	4.4927e-05
822.4	4.3366e-05
822.6	4.1333e-05
822.8	3.9395e-05
823.0	3.7548e-05
823.2	3.5788e-05
823.4	3.411e-05
823.6	3.2511e-05
823.8	3.0987e-05
824.0	2.9534e-05
824.2	2.8149e-05
824.4	2.6829e-05
824.6	2.5572e-05
824.8	2.4373e-05
825.0	2.323e-05
825.2	2.2141e-05
825.4	2.1103e-05
825.6	2.0114e-05
825.8	1.9171e-05
826.0	1.8501e-05
826.2	1.8533e-05
826.4	1.8566e-05
826.6	1.8598e-05
826.8	1.8631e-05
827.0	1.8664e-05
827.2	1.8696e-05
827.4	1.8729e-05
827.6	1.8762e-05
827.8	1.8795e-05
828.0	1.8828e-05
828.2	1.8861e-05
828.4	1.8894e-05
828.6	1.8927e-05
828.8	1.8961e-05
829.0	1.8994e-05
829.2	1.9027e-05
829.4	1.9061e-05
829.6	1.9246e-05
829.8	2.0292e-05
830.0	2.1396e-05
830.2	2.2559e-05
830.4	2.3785e-05
830.6	2.5078e-05
830.8	2.6441e-05
831.0	2.7879e-05
831.2	2.9394e-05
831.4	3.0992e-05
831.6	3.2677e-05
831.8	3.4453e-05
832.0	3.6326e-05
832.2	3.8301e-05
832.4	4.0383e-05
832.6	4.2578e-05
832.8	4.4893e-05
833.0	4.7333e-05
833.2	4.9836e-05
833.4	5.1498e-05
833.6	5.3214e-05
833.8	5.4988e-05
834.0	5.6821e-05
834.2	5.8716e-05
834.4	6.0673e-05
834.6	6.2695e-05
834.8	6.4785e-05
835.0	6.6945e-05
835.2	6.9177e-05
835.4	7.1483e-05
835.6	7.3866e-05
835.8	7.6328e-05
836.0	7.8873e-05
836.2	8.1502e-05
836.4	8.4219e-05
836.6	8.7026e-05
836.8	8.9928e-05
837.0	8.7521e-05
837.2	8.5152e-05
837.4	8.2848e-05
837.6	8.0607e-05
837.8	7.8425e-05
838.0	7.6303e-05
838.2	7.4239e-05
838.4	7.223e-05
838.6	7.0275e-05
838.8	6.8374e-05
839.0	6.6524e-05
839.2	6.4724e-05
839.4	6.2972e-05
839.6	6.1269e-05
839.8	5.9611e-05
840.0	5.7998e-05
840.2	5.6428e-05
840.4	5.4901e-05
840.6	5.5134e-05
840.8	5.55e-05
841.0	5.5868e-05
841.2	5.6239e-05
841.4	5.6612e-05
841.6	5.6988e-05
841.8	5.7366e-05
842.0	5.7747e-05
842.2	5.813e-05
842.4	5.8516e-05
842.6	5.8904e-05
842.8	5.9295e-05
843.0	5.9689e-05
843.2	6.0085e-05
843.4	6.0484e-05
843.6	6.0885e-05
843.8	6.1289e-05
844.0	6.1696e-05
844.2	6.1417e-05
844.4	6.1043e-05
844.6	6.0671e-05
844.8	6.0302e-05
845.0	5.9934e-05
845.2	5.9569e-05
845.4	5.9206e-05
845.6	5.8845e-05
845.8	5.8487e-05
846.0	5.813e-05
846.2	5.7776e-05
846.4	5.7424e-05
846.6	5.7074e-05
846.8	5.6726e-05
847.0	5.6381e-05
847.2	5.6037e-05
847.4	5.5696e-05
847.6	5.5356e-05
847.8	5.3166e-05
848.0	5.0705e-05
848.2	4.8358e-05
848.4	4.6119e-05
848.6	4.3984e-05
848.8	4.1948e-05
849.0	4.0006e-05
849.2	3.8155e-05
849.4	3.6388e-05
849.6	3.4704e-05
849.8	3.3098e-05
850.0	3.1565e-05
850.2	3.0104e-05
850.4	2.8711e-05
850.6	2.7382e-05
850.8	2.6114e-05
851.0	2.4905e-05
851.2	2.3753e-05
851.4	2.3069e-05
851.6	2.2514e-05
851.8	2.1972e-05
852.0	2.1443e-05
852.2	2.0927e-05
852.4	2.0423e-05
852.6	1.9931e-05
852.8	1.9452e-05
853.0	1.8983e-05
853.2	1.8527e-05
853.4	1.8081e-05
853.6	1.7645e-05
853.8	1.7221e-05
854.0	1.6806e-05
854.2	1.6402e-05
854.4	1.6007e-05
854.6	1.5621e-05
854.8	1.5245e-05
855.0	1.5263e-05
855.2	1.54e-05
855.4	1.5538e-05
855.6	1.5678e-05
855.8	1.5819e-05
856.0	1.5962e-05
856.2	1.6105e-05
856.4	1.625e-05
856.6	1.6396e-05
856.8	1.6544e-05
857.0	1.6693e-05
857.2	1.6843e-05
857.4	1.6994e-05
857.6	1.7147e-05
857.8	1.7301e-05
858.0	1.7457e-05
858.2	1.7614e-05
858.4	1.7772e-05
858.6	1.8304e-05
858.8	1.8985e-05
859.0	1.969e-05
859.2	2.0422e-05
859.4	2.1181e-05
859.6	2.1969e-05
859.8	2.2786e-05
860.0	2.3633e-05
860.2	2.4511e-05
860.4	2.5422e-05
860.6	2.6368e-05
860.8	2.7348e-05
861.0	2.8364e-05
861.2	2.9419e-05
861.4	3.0512e-05
861.6	3.1647e-05
861.8	3.2823e-05
862.0	3.4043e-05
862.2	3.5553e-05
862.4	3.7222e-05
862.6	3.8969e-05
862.8	4.0798e-05
863.0	4.2712e-05
863.2	4.4717e-05
863.4	4.6816e-05
863.6	4.9013e-05
863.8	5.1314e-05
864.0	5.3722e-05
864.2	5.6243e-05
864.4	5.8883e-05
864.6	6.1647e-05
864.8	6.454e-05
865.0	6.757e-05
865.2	7.0741e-05
865.4	7.4061e-05
865.6	7.7537e-05
865.8	7.8414e-05
866.0	7.8318e-05
866.2	7.8222e-05
866.4	7.8126e-05
866.6	7.803e-05
866.8	7.7934e-05
867.0	7.7838e-05
867.2	7.7742e-05
867.4	7.7647e-05
867.6	7.7551e-05
867.8	7.7456e-05
868.0	7.7361e-05
868.2	7.9543e-05
868.4	8.1786e-05
868.6	7.8327e-05
868.8	7.4115e-05
869.0	7.0131e-05
869.2	6.636e-05
869.4	6.2792e-05
869.6	5.9416e-05
869.8	5.6221e-05
870.0	5.3199e-05
870.2	5.0338e-05
870.4	4.7291e-05
870.6	4.4355e-05
870.8	4.1601e-05
871.0	3.9019e-05
871.2	3.6597e-05
871.4	3.4325e-05
871.6	3.2194e-05
871.8	3.0195e-05
872.0	2.8321e-05
872.2	2.6715e-05
872.4	2.5242e-05
872.6	2.3849e-05
872.8	2.2534e-05
873.0	2.129e-05
873.2	2.0116e-05
873.4	1.9006e-05
873.6	1.7958e-05
873.8	1.6967e-05
874.0	1.6212e-05
874.2	1.5548e-05
874.4	1.4911e-05
874.6	1.4301e-05
874.8	1.3715e-05
875.0	1.3154e-05
875.2	1.2615e-05
875.4	1.2099e-05
875.6	1.1603e-05
875.8	1.1227e-05
876.0	1.0901e-05
876.2	1.0584e-05
876.4	1.0277e-05
876.6	9.9781e-06
876.8	9.6883e-06
877.0	9.4069e-06
877.2	9.1336e-06
877.4	8.8683e-06
877.6	8.6791e-06
877.8	8.5242e-06
878.0	8.372e-06
878.2	8.2226e-06
878.4	8.0758e-06
878.6	7.9317e-06
878.8	7.7901e-06
879.0	7.6511e-06
879.2	7.5145e-06
879.4	7.4395e-06
879.6	7.3949e-06
879.8	7.3505e-06
880.0	7.3065e-06
880.2	7.2627e-06
880.4	7.2191e-06
880.6	7.1758e-06
880.8	7.1328e-06
881.0	7.09e-06
881.2	7.109e-06
881.4	7.163e-06
881.6	7.2173e-06
881.8	7.2721e-06
882.0	7.3273e-06
882.2	7.3829e-06
882.4	7.4389e-06
882.6	7.4954e-06
882.8	7.5523e-06
883.0	7.6665e-06
883.2	7.818e-06
883.4	7.9726e-06
883.6	8.1302e-06
883.8	8.291e-06
884.0	8.4549e-06
884.2	8.622e-06
884.4	8.7925e-06
884.6	8.9663e-06
884.8	9.2383e-06
885.0	9.5842e-06
885.2	9.9431e-06
885.4	1.0315e-05
885.6	1.0702e-05
885.8	1.1102e-05
886.0	1.1518e-05
886.2	1.1949e-05
886.4	1.2397e-05
886.6	1.2968e-05
886.8	1.3646e-05
887.0	1.436e-05
887.2	1.5111e-05
887.4	1.5901e-05
887.6	1.6732e-05
887.8	1.7607e-05
888.0	1.8527e-05
888.2	1.9496e-05
888.4	2.0742e-05
888.6	2.225e-05
888.8	2.3868e-05
889.0	2.5604e-05
889.2	2.7466e-05
889.4	2.9464e-05
889.6	3.1607e-05
889.8	3.3906e-05
890.0	3.6371e-05
890.2	3.922e-05
890.4	4.2465e-05
890.6	4.5979e-05
890.8	4.9783e-05
891.0	5.3903e-05
891.2	5.8363e-05
891.4	6.3192e-05
891.6	6.842e-05
891.8	7.4082e-05
892.0	7.8767e-05
892.2	8.2514e-05
892.4	8.6438e-05
892.6	9.0549e-05
892.8	9.4856e-05
893.0	9.9368e-05
893.2	1.0409e-04
893.4	1.0905e-04
893.6	1.1423e-04
893.8	1.1577e-04
894.0	1.1406e-04
894.2	1.1238e-04
894.4	1.1072e-04
894.6	1.0908e-04
894.8	1.0748e-04
895.0	1.0589e-04
895.2	1.0433e-04
895.4	1.0279e-04
895.6	1.0027e-04
895.8	9.6972e-05
896.0	9.3783e-05
896.2	9.0698e-05
896.4	8.7714e-05
896.6	8.4829e-05
896.8	8.2039e-05
897.0	7.934e-05
897.2	7.6731e-05
897.4	7.4805e-05
897.6	7.3438e-05
897.8	7.2096e-05
898.0	7.0778e-05
898.2	6.9485e-05
898.4	6.8215e-05
898.6	6.6968e-05
898.8	6.5744e-05
899.0	6.4543e-05
899.2	6.402e-05
899.4	6.4072e-05
899.6	6.4124e-05
899.8	6.4177e-05
900.0	6.4229e-05
900.2	6.4282e-05
900.4	6.4335e-05
900.6	6.4387e-05
900.8	6.444e-05
901.0	6.4921e-05
901.2	6.5776e-05
901.4	6.6642e-05
901.6	6.7519e-05
901.8	6.8408e-05
902.0	6.9308e-05
902.2	7.0221e-05
902.4	7.1145e-05
902.6	7.2082e-05
902.8	7.3047e-05
903.0	7.4039e-05
903.2	7.5045e-05
903.4	7.6065e-05
903.6	7.7098e-05
903.8	7.8145e-05
904.0	7.9207e-05
904.2	8.0283e-05
904.4	8.1374e-05
904.6	8.1721e-05
904.8	8.1453e-05
905.0	8.1186e-05
905.2	8.092e-05
905.4	8.0654e-05
905.6	8.039e-05
905.8	8.0126e-05
906.0	7.9863e-05
906.2	7.9601e-05
906.4	7.8379e-05
906.6	7.644e-05
906.8	7.4549e-05
907.0	7.2704e-05
907.2	7.0906e-05
907.4	6.9151e-05
907.6	6.7441e-05
907.8	6.5772e-05
908.0	6.4145e-05
908.2	6.2334e-05
908.4	6.0411e-05
908.6	5.8547e-05
908.8	5.674e-05
909.0	5.499e-05
909.2	5.3293e-05
909.4	5.1649e-05
909.6	5.0055e-05
909.8	4.8511e-05
910.0	4.717e-05
910.2	4.5974e-05
910.4	4.4809e-05
910.6	4.3673e-05
910.8	4.2566e-05
911.0	4.1487e-05
911.2	4.0435e-05
911.4	3.941e-05
911.6	3.8411e-05
911.8	3.7721e-05
912.0	3.7225e-05
912.2	3.6737e-05
912.4	3.6255e-05
912.6	3.5779e-05
912.8	3.5309e-05
913.0	3.4846e-05
913.2	3.4388e-05
913.4	3.3937e-05
913.6	3.3751e-05
913.8	3.3724e-05
914.0	3.3697e-05
914.2	3.367e-05
914.4	3.3644e-05
914.6	3.3617e-05
914.8	3.3591e-05
915.0	3.3564e-05
915.2	3.3537e-05
915.4	3.3773e-05
915.6	3.4157e-05
915.8	3.4545e-05
916.0	3.4938e-05
916.2	3.5335e-05
916.4	3.5737e-05
916.6	3.6143e-05
916.8	3.6554e-05
917.0	3.6969e-05
917.2	3.7672e-05
917.4	3.853e-05
917.6	3.9407e-05
917.8	4.0305e-05
918.0	4.1223e-05
918.2	4.2162e-05
918.4	4.3122e-05
918.6	4.4105e-05
918.8	4.5109e-05
919.0	4.6422e-05
919.2	4.7903e-05
919.4	4.9431e-05
919.6	5.1008e-05
919.8	5.2635e-05
920.0	5.4314e-05
920.2	5.6047e-05
920.4	5.7834e-05
920.6	5.9679e-05
920.8	6.1636e-05
921.0	6.3678e-05
921.2	6.5787e-05
921.4	6.7966e-05
921.6	7.0217e-05
921.8	7.2543e-05
922.0	7.4946e-05
922.2	7.7429e-05
922.4	7.9994e-05
922.6	8.182e-05
922.8	8.3416e-05
923.0	8.5043e-05
923.2	8.6702e-05
923.4	8.8394e-05
923.6	9.0118e-05
923.8	9.1876e-05
924.0	9.3669e-05
924.2	9.5496e-05
924.4	9.5682e-05
924.6	9.5413e-05
924.8	9.5145e-05
925.0	9.4877e-05
925.2	9.461e-05
925.4	9.4344e-05
925.6	9.4079e-05
925.8	9.3815e-05
926.0	9.3551e-05
926.2	9.2025e-05
926.4	9.0262e-05
926.6	8.8533e-05
926.8	8.6838e-05
927.0	8.5174e-05
927.2	8.3543e-05
927.4	8.1943e-05
927.6	8.0373e-05
927.8	7.8834e-05
928.0	7.7202e-05
928.2	7.5584e-05
928.4	7.4e-05
928.6	7.2449e-05
928.8	7.0931e-05
929.0	6.9445e-05
929.2	6.799e-05
929.4	6.6565e-05
929.6	6.517e-05
929.8	6.4222e-05
930.0	6.3334e-05
930.2	6.2458e-05
930.4	6.1594e-05
930.6	6.0741e-05
930.8	5.9901e-05
931.0	5.9073e-05
931.2	5.8255e-05
931.4	5.745e-05
931.6	5.6858e-05
931.8	5.6285e-05
932.0	5.5717e-05
932.2	5.6426e-05
932.4	5.6842e-05
932.6	5.8505e-05
932.8	5.7146e-05
933.0	5.8329e-05
933.2	5.8533e-05
933.4	5.7442e-05
933.6	5.8207e-05
933.8	5.8431e-05
934.0	5.8864e-05
934.2	6.0227e-05
934.4	6.0636e-05
934.6	6.1292e-05
934.8	6.2011e-05
935.0	6.3125e-05
935.2	6.2025e-05
935.4	6.5055e-05
935.6	6.5192e-05
935.8	6.8909e-05
936.0	6.595e-05
936.2	7.0544e-05
936.4	7.3425e-05
936.6	7.3961e-05
936.8	7.6079e-05
937.0	7.5386e-05
937.2	8.2232e-05
937.4	8.1929e-05
937.6	8.5346e-05
937.8	8.6742e-05
938.0	9.2421e-05
938.2	9.4081e-05
938.4	9.7165e-05
938.6	1.0403e-04
938.8	1.0577e-04
939.0	1.1312e-04
939.2	1.1829e-04
939.4	1.2421e-04
939.6	1.2602e-04
939.8	1.3339e-04
940.0	1.4292e-04
940.2	1.5162e-04
940.4	1.5856e-04
940.6	1.6831e-04
940.8	1.7761e-04
941.0	1.8593e-04
941.2	1.9854e-04
941.4	2.1507e-04
941.6	2.275e-04
941.8	2.4486e-04
942.0	2.6588e-04
942.2	2.8714e-04
942.4	3.0977e-04
942.6	3.3706e-04
942.8	3.631e-04
943.0	3.9981e-04
943.2	4.3569e-04
943.4	4.858e-04
943.6	5.2892e-04
943.8	6.0036e-04
944.0	6.6928e-04
944.2	7.501e-04
944.4	8.3853e-04
944.6	9.5544e-04
944.8	0.00109
945.0	0.00126
945.2	0.00145
945.4	0.00168
945.6	0.00198
945.8	0.00234
946.0	0.00279
946.2	0.00332
946.4	0.00396
946.6	0.00482
946.8	0.00579
947.0	0.00692
947.2	0.00812
947.4	0.00927
947.6	0.01013
947.8	0.01065
948.0	0.01066
948.2	0.01016
948.4	0.00936
948.6	0.00851
948.8	0.00751
949.0	0.00668
949.2	0.0059
949.4	0.00525
949.6	0.0047
949.8	0.00423
950.0	0.00383
950.2	0.00351
950.4	0.00322
950.6	0.003
950.8	0.00278
951.0	0.00259
951.2	0.00244
951.4	0.00232
951.6	0.00222
951.8	0.00212
952.0	0.00203
952.2	0.00196
952.4	0.0019
952.6	0.00185
952.8	0.0018
953.0	0.00177
953.2	0.00175
953.4	0.00172
953.6	0.0017
953.8	0.00169
954.0	0.00168
954.2	0.0017
954.4	0.00168
954.6	0.00169
954.8	0.00169
955.0	0.00169
955.2	0.00171
955.4	0.00175
955.6	0.00176
955.8	0.0018
956.0	0.00183
956.2	0.00187
956.4	0.00191
956.6	0.00196
956.8	0.00201
957.0	0.00205
957.2	0.00211
957.4	0.00217
957.6	0.00224
957.8	0.00231
958.0	0.00239
958.2	0.00249
958.4	0.00255
958.6	0.00262
958.8	0.00272
959.0	0.00282
959.2	0.00292
959.4	0.00302
959.6	0.00313
959.8	0.00324
960.0	0.00333
960.2	0.00343
960.4	0.00357
960.6	0.00366
960.8	0.00374
961.0	0.00383
961.2	0.00397
961.4	0.00405
961.6	0.00414
961.8	0.00424
962.0	0.0043
962.2	0.00435
962.4	0.00441
962.6	0.0045
962.8	0.00455
963.0	0.00457
963.2	0.00462
963.4	0.00467
963.6	0.0047
963.8	0.00469
964.0	0.00474
964.2	0.00473
964.4	0.00477
964.6	0.00477
964.8	0.00479
965.0	0.00478
965.2	0.0048
965.4	0.00482
965.6	0.00485
965.8	0.00484
966.0	0.00487
966.2	0.00488
966.4	0.0049
966.6	0.00496
966.8	0.00499
967.0	0.00503
967.2	0.00506
967.4	0.00512
967.6	0.00518
967.8	0.00527
968.0	0.0053
968.2	0.00541
968.4	0.0055
968.6	0.0056
968.8	0.0057
969.0	0.00583
969.2	0.00593
969.4	0.0061
969.6	0.00625
969.8	0.0064
970.0	0.00655
970.2	0.00674
970.4	0.00695
970.6	0.00714
970.8	0.00735
971.0	0.00755
971.2	0.00776
971.4	0.00798
971.6	0.00828
971.8	0.0085
972.0	0.00881
972.2	0.00905
972.4	0.00929
972.6	0.00956
972.8	0.00976
973.0	0.01
973.2	0.01024
973.4	0.01038
973.6	0.01059
973.8	0.0107
974.0	0.01084
974.2	0.01089
974.4	0.01097
974.6	0.01093
974.8	0.01092
975.0	0.0109
975.2	0.01083
975.4	0.01063
975.6	0.01052
975.8	0.01035
976.0	0.01013
976.2	0.00992
976.4	0.0097
976.6	0.0095
976.8	0.00924
977.0	0.00903
977.2	0.00879
977.4	0.00854
977.6	0.00835
977.8	0.00808
978.0	0.00788
978.2	0.00768
978.4	0.0075
978.6	0.00728
978.8	0.00711
979.0	0.00694
979.2	0.00678
979.4	0.00665
979.6	0.00651
979.8	0.00639
980.0	0.00627
980.2	0.00614
980.4	0.00605
980.6	0.00595
980.8	0.00589
981.0	0.00581
981.2	0.00574
981.4	0.00569
981.6	0.00565
981.8	0.0056
982.0	0.00558
982.2	0.00557
982.4	0.00555
982.6	0.00555
982.8	0.00554
983.0	0.00556
983.2	0.00556
983.4	0.00557
983.6	0.00561
983.8	0.00565
984.0	0.00571
984.2	0.00574
984.4	0.00582
984.6	0.00588
984.8	0.00597
985.0	0.00603
985.2	0.00614
985.4	0.00625
985.6	0.00637
985.8	0.00647
986.0	0.00657
986.2	0.00671
986.4	0.00685
986.6	0.00703
986.8	0.00718
987.0	0.00731
987.2	0.00748
987.4	0.0077
987.6	0.00785
987.8	0.00804
988.0	0.00823
988.2	0.00846
988.4	0.0086
988.6	0.00883
988.8	0.00906
989.0	0.00924
989.2	0.00947
989.4	0.00963
989.6	0.00986
989.8	0.00998
990.0	0.01021
990.2	0.01034
990.4	0.01053
990.6	0.01059
990.8	0.01071
991.0	0.01079
991.2	0.01094
991.4	0.0109
991.6	0.011
991.8	0.01105
992.0	0.011
992.2	0.01103
992.4	0.01098
992.6	0.01094
992.8	0.01085
993.0	0.01083
993.2	0.01067
993.4	0.01066
993.6	0.01049
993.8	0.0104
994.0	0.01025
994.2	0.01012
994.4	0.01003
994.6	0.00986
994.8	0.00974
995.0	0.00968
995.2	0.00958
995.4	0.00939
995.6	0.00928
995.8	0.00918
996.0	0.00908
996.2	0.00897
996.4	0.00888
996.6	0.00882
996.8	0.0087
997.0	0.00868
997.2	0.00857
997.4	0.00856
997.6	0.00843
997.8	0.00845
998.0	0.00838
998.2	0.00837
998.4	0.00836
998.6	0.00833
998.8	0.00835
999.0	0.00834
999.2	0.00834
999.4	0.00834
999.6	0.00842
999.8	0.00841
1000.0	0.00843
1000.2	0.00836
1000.4	0.00839
1000.6	0.00843
1000.8	0.00851
1001.0	0.00862
1001.2	0.00866
1001.4	0.00876
1001.6	0.00887
1001.8	0.00893
1002.0	0.009
1002.2	0.00915
1002.4	0.00932
1002.6	0.00936
1002.8	0.00946
1003.0	0.00956
1003.2	0.00969
1003.4	0.00977
1003.6	0.0099
1003.8	0.01
1004.0	0.01008
1004.2	0.01018
1004.4	0.01026
1004.6	0.01035
1004.8	0.01043
1005.0	0.01045
1005.2	0.01051
1005.4	0.01059
1005.6	0.01055
1005.8	0.0106
1006.0	0.0106
1006.2	0.01056
1006.4	0.01049
1006.6	0.01046
1006.8	0.0104
1007.0	0.01035
1007.2	0.01024
1007.4	0.01014
1007.6	0.01003
1007.8	0.00991
1008.0	0.00978
1008.2	0.00964
1008.4	0.0095
1008.6	0.00931
1008.8	0.00916
1009.0	0.00899
1009.2	0.00885
1009.4	0.00868
1009.6	0.00852
1009.8	0.00833
1010.0	0.00823
1010.2	0.00806
1010.4	0.00792
1010.6	0.00776
1010.8	0.00766
1011.0	0.00746
1011.2	0.00737
1011.4	0.00722
1011.6	0.0071
1011.8	0.00699
1012.0	0.00687
1012.2	0.00678
1012.4	0.00662
1012.6	0.00657
1012.8	0.00648
1013.0	0.00638
1013.2	0.00631
1013.4	0.00624
1013.6	0.00619
1013.8	0.00611
1014.0	0.00607
1014.2	0.00603
1014.4	0.00595
1014.6	0.00593
1014.8	0.00592
1015.0	0.00587
1015.2	0.00586
1015.4	0.00584
1015.6	0.00583
1015.8	0.00584
1016.0	0.00587
1016.2	0.00584
1016.4	0.00587
1016.6	0.00588
1016.8	0.0059
1017.0	0.00593
1017.2	0.00596
1017.4	0.00602
1017.6	0.00602
1017.8	0.00609
1018.0	0.00614
1018.2	0.00621
1018.4	0.00629
1018.6	0.00633
1018.8	0.0064
1019.0	0.00653
1019.2	0.00657
1019.4	0.00666
1019.6	0.00678
1019.8	0.00691
1020.0	0.00702
1020.2	0.00717
1020.4	0.00722
1020.6	0.00739
1020.8	0.00754
1021.0	0.00764
1021.2	0.00778
1021.4	0.00795
1021.6	0.00811
1021.8	0.00821
1022.0	0.00837
1022.2	0.00856
1022.4	0.0087
1022.6	0.00884
1022.8	0.00895
1023.0	0.00912
1023.2	0.00926
1023.4	0.00943
1023.6	0.00959
1023.8	0.00965
1024.0	0.00977
1024.2	0.00993
1024.4	0.00999
1024.6	0.01006
1024.8	0.01016
1025.0	0.01033
1025.2	0.0107
1025.4	0.01071
1025.6	0.01074
1025.8	0.01073
1026.0	0.01075
1026.2	0.01073
1026.4	0.0107
1026.6	0.01059
1026.8	0.01056
1027.0	0.01049
1027.2	0.0104
1027.4	0.01026
1027.6	0.01013
1027.8	0.01003
1028.0	0.00991
1028.2	0.00981
1028.4	0.00968
1028.6	0.00952
1028.8	0.00941
1029.0	0.00924
1029.2	0.00908
1029.4	0.00892
1029.6	0.00883
1029.8	0.00864
1030.0	0.00854
1030.2	0.00842
1030.4	0.00827
1030.6	0.00816
1030.8	0.00804
1031.0	0.00793
1031.2	0.00775
1031.4	0.00768
1031.6	0.00756
1031.8	0.00747
1032.0	0.00739
1032.2	0.00731
1032.4	0.00726
1032.6	0.00717
1032.8	0.00712
1033.0	0.00708
1033.2	0.00701
1033.4	0.00692
1033.6	0.00688
1033.8	0.00686
1034.0	0.00681
1034.2	0.00679
1034.4	0.00676
1034.6	0.00677
1034.8	0.00674
1035.0	0.00674
1035.2	0.00675
1035.4	0.00673
1035.6	0.00675
1035.8	0.0068
1036.0	0.00679
1036.2	0.00681
1036.4	0.00684
1036.6	0.00686
1036.8	0.00692
1037.0	0.00697
1037.2	0.00703
1037.4	0.00705
1037.6	0.00713
1037.8	0.00721
1038.0	0.00727
1038.2	0.00738
1038.4	0.00745
1038.6	0.00752
1038.8	0.00762
1039.0	0.00776
1039.2	0.00782
1039.4	0.00791
1039.6	0.00801
1039.8	0.00816
1040.0	0.00827
1040.2	0.00839
1040.4	0.00849
1040.6	0.00864
1040.8	0.00877
1041.0	0.00892
1041.2	0.00903
1041.4	0.00917
1041.6	0.00928
1041.8	0.00944
1042.0	0.00956
1042.2	0.00972
1042.4	0.00985
1042.6	0.00994
1042.8	0.01007
1043.0	0.0102
1043.2	0.0103
1043.4	0.0104
1043.6	0.01049
1043.8	0.01059
1044.0	0.01066
1044.2	0.0107
1044.4	0.01076
1044.6	0.01078
1044.8	0.01085
1045.0	0.01087
1045.2	0.01091
1045.4	0.01095
1045.6	0.01094
1045.8	0.01093
1046.0	0.01087
1046.2	0.01081
1046.4	0.01074
1046.6	0.01068
1046.8	0.01059
1047.0	0.0105
1047.2	0.01044
1047.4	0.01038
1047.6	0.01026
1047.8	0.01014
1048.0	0.01002
1048.2	0.00991
1048.4	0.00982
1048.6	0.00973
1048.8	0.00962
1049.0	0.0095
1049.2	0.00937
1049.4	0.00924
1049.6	0.00913
1049.8	0.00902
1050.0	0.00892
1050.2	0.00882
1050.4	0.00872
1050.6	0.00861
1050.8	0.00852
1051.0	0.00843
1051.2	0.00836
1051.4	0.00829
1051.6	0.00822
1051.8	0.00815
1052.0	0.00807
1052.2	0.008
1052.4	0.00794
1052.6	0.00789
1052.8	0.00784
1053.0	0.00779
1053.2	0.00775
1053.4	0.00772
1053.6	0.00771
1053.8	0.00769
1054.0	0.00767
1054.2	0.00765
1054.4	0.00763
1054.6	0.00761
1054.8	0.00761
1055.0	0.00763
1055.2	0.00765
1055.4	0.00767
1055.6	0.00769
1055.8	0.00771
1056.0	0.00774
1056.2	0.0078
1056.4	0.00785
1056.6	0.00786
1056.8	0.00789
1057.0	0.00796
1057.2	0.00804
1057.4	0.0081
1057.6	0.00817
1057.8	0.00825
1058.0	0.00833
1058.2	0.00839
1058.4	0.00846
1058.6	0.00856
1058.8	0.00866
1059.0	0.00875
1059.2	0.00883
1059.4	0.00896
1059.6	0.00908
1059.8	0.00916
1060.0	0.00925
1060.2	0.00935
1060.4	0.00946
1060.6	0.00959
1060.8	0.00972
1061.0	0.00984
1061.2	0.00996
1061.4	0.01005
1061.6	0.01014
1061.8	0.01028
1062.0	0.01041
1062.2	0.01049
1062.4	0.01056
1062.6	0.01064
1062.8	0.01073
1063.0	0.01079
1063.2	0.01085
1063.4	0.01091
1063.6	0.01099
1063.8	0.01102
1064.0	0.01106
1064.2	0.01106
1064.4	0.01106
1064.6	0.01103
1064.8	0.01099
1065.0	0.01088
1065.2	0.01075
1065.4	0.01069
1065.6	0.01065
1065.8	0.0106
1066.0	0.01052
1066.2	0.01042
1066.4	0.01035
1066.6	0.01028
1066.8	0.01021
1067.0	0.0101
1067.2	0.00996
1067.4	0.00989
1067.6	0.0098
1067.8	0.00969
1068.0	0.00956
1068.2	0.00944
1068.4	0.00933
1068.6	0.00921
1068.8	0.00908
1069.0	0.00898
1069.2	0.00888
1069.4	0.0088
1069.6	0.0087
1069.8	0.00858
1070.0	0.00844
1070.2	0.00832
1070.4	0.0082
1070.6	0.00813
1070.8	0.00805
1071.0	0.00796
1071.2	0.00787
1071.4	0.00776
1071.6	0.00769
1071.8	0.00762
1072.0	0.00756
1072.2	0.0075
1072.4	0.00744
1072.6	0.00737
1072.8	0.00731
1073.0	0.00727
1073.2	0.00723
1073.4	0.00718
1073.6	0.00714
1073.8	0.00711
1074.0	0.00708
1074.2	0.00706
1074.4	0.00704
1074.6	0.00701
1074.8	0.00701
1075.0	0.00705
1075.2	0.00718
1075.4	0.00732
1075.6	0.00746
1075.8	0.00748
1076.0	0.0075
1076.2	0.00752
1076.4	0.00753
1076.6	0.00755
1076.8	0.00757
1077.0	0.00759
1077.2	0.0076
1077.4	0.00763
1077.6	0.00767
1077.8	0.00771
1078.0	0.00775
1078.2	0.0078
1078.4	0.00784
1078.6	0.00788
1078.8	0.00792
1079.0	0.00796
1079.2	0.00802
1079.4	0.00809
1079.6	0.00815
1079.8	0.00821
1080.0	0.00827
1080.2	0.00833
1080.4	0.0084
1080.6	0.00846
1080.8	0.00852
1081.0	0.00858
1081.2	0.00865
1081.4	0.00871
1081.6	0.00877
1081.8	0.00883
1082.0	0.00889
1082.2	0.00896
1082.4	0.00902
1082.6	0.00903
1082.8	0.00904
1083.0	0.00905
1083.2	0.00906
1083.4	0.00907
1083.6	0.00908
1083.8	0.00909
1084.0	0.0091
1084.2	0.00912
1084.4	0.00913
1084.6	0.00914
1084.8	0.00909
1085.0	0.00903
1085.2	0.00897
1085.4	0.00891
1085.6	0.00886
1085.8	0.0088
1086.0	0.00874
1086.2	0.00869
1086.4	0.00863
1086.6	0.00858
1086.8	0.00847
1087.0	0.00836
1087.2	0.00825
1087.4	0.00815
1087.6	0.00804
1087.8	0.00794
1088.0	0.00783
1088.2	0.00772
1088.4	0.0076
1088.6	0.00748
1088.8	0.00736
1089.0	0.00725
1089.2	0.00713
1089.4	0.00702
1089.6	0.00691
1089.8	0.00679
1090.0	0.00667
1090.2	0.00656
1090.4	0.00644
1090.6	0.00633
1090.8	0.00622
1091.0	0.00611
1091.2	0.00601
1091.4	0.00591
1091.6	0.00582
1091.8	0.00572
1092.0	0.00563
1092.2	0.00554
1092.4	0.00545
1092.6	0.00537
1092.8	0.00529
1093.0	0.00521
1093.2	0.00514
1093.4	0.00506
1093.6	0.00499
1093.8	0.00491
1094.0	0.00485
1094.2	0.0048
1094.4	0.00474
1094.6	0.00469
1094.8	0.00463
1095.0	0.00458
1095.2	0.00453
1095.4	0.00447
1095.6	0.00442
1095.8	0.00437
1096.0	0.00435
1096.2	0.00433
1096.4	0.00432
1096.6	0.00431
1096.8	0.0043
1097.0	0.00428
1097.2	0.00427
1097.4	0.00426
1097.6	0.00424
1097.8	0.00423
1098.0	0.00422
1098.2	0.00421
1098.4	0.00419
1098.6	0.00418
1098.8	0.00417
1099.0	0.00416
1099.2	0.00414
1099.4	0.00414
1099.6	0.00415
1099.8	0.00415
1100.0	0.00416
1100.2	0.00416
1100.4	0.00416
1100.6	0.00417
1100.8	0.00417
1101.0	0.00418
1101.2	0.00418
1101.4	0.00418
1101.6	0.00419
1101.8	0.00419
1102.0	0.00419
1102.2	0.0042
1102.4	0.00424
1102.6	0.00428
1102.8	0.00432
1103.0	0.00437
1103.2	0.00441
1103.4	0.00445
1103.6	0.0045
1103.8	0.00454
1104.0	0.00459
1104.2	0.00463
1104.4	0.00468
1104.6	0.00472
1104.8	0.00477
1105.0	0.00482
1105.2	0.00487
1105.4	0.00496
1105.6	0.00505
1105.8	0.00514
1106.0	0.00523
1106.2	0.00532
1106.4	0.00541
1106.6	0.00551
1106.8	0.0056
1107.0	0.0057
1107.2	0.0058
1107.4	0.0059
1107.6	0.00601
1107.8	0.00611
1108.0	0.00622
1108.2	0.00633
1108.4	0.00644
1108.6	0.00655
1108.8	0.00667
1109.0	0.00678