339.156	826.67
339.534	2466.67
339.911	-9.39
340.288	287.72
340.665	287.36
341.042	207.65
341.419	50.45
341.796	212.12
342.173	-81.16
342.55	305.69
342.927	142.53
343.304	0.55
343.68	146.67
344.057	-78.01
344.434	208.48
344.811	146.67
345.187	1.36
345.564	62.41
345.941	99.58
346.317	-6533.33
346.694	-151.94
347.07	69.95
347.447	-11.3
347.823	180.18
348.199	181.92
348.576	63.98
348.952	36.85
349.328	-0.62
349.705	-115.15
350.081	-42
350.457	37.87
350.833	-32.45
351.209	-229.89
351.585	84.73
351.961	-35.52
352.337	-76.49
352.713	45.29
353.089	111.53
353.465	58.75
353.841	-135.58
354.217	43.51
354.593	23.32
354.968	17.03
355.344	-39.14
355.72	9.52
356.095	49.72
356.471	31.94
356.847	35.9
357.222	-0.51
357.598	138.67
357.973	113.38
358.349	-0.47
358.724	36.85
359.099	-5.6
359.475	54.48
359.85	5.13
360.225	183.91
360.6	106.67
360.976	72.76
361.351	93.17
361.726	66.67
362.101	-0.8
362.476	66.67
362.851	108.28
363.226	-109.24
363.601	-10.13
363.976	31.55
364.351	12.12
364.726	-18
365.1	158.23
365.475	34.13
365.85	36.58
366.225	56.61
366.599	81.57
366.974	42.15
367.348	31.27
367.723	-2.59
368.097	61.06
368.472	21.81
368.846	-493.33
369.221	33.93
369.595	2.88
369.969	-8.17
370.344	-28.99
370.718	-63.2
371.092	29.04
371.466	-26.5
371.841	411.49
372.215	109.87
372.589	37.09
372.963	-133.33
373.337	107.39
373.711	28.83
374.085	84.85
374.459	54.9
374.832	6.93
375.206	38.63
375.58	-361.9
375.954	59.93
376.327	5.99
376.701	63.88
377.075	62.84
377.448	74.93
377.822	39.78
378.195	82.24
378.569	85.87
378.942	31.94
379.316	2.55
379.689	66.67
380.063	-74.51
380.436	32.18
380.809	17.41
381.182	-2.66
381.556	49.91
381.929	-73.09
382.302	53.68
382.675	21.76
383.048	55.51
383.421	35.9
383.794	126.24
384.167	-174.01
384.54	31.77
384.913	48.17
385.286	-0.45
385.659	23.71
386.031	74.23
386.404	90.4
386.777	74.39
387.149	60.5
387.522	41.05
387.895	57.03
388.267	26.14
388.64	648.48
389.012	-65.64
389.385	-24.42
389.757	-27.14
390.129	36.25
390.502	-16.45
390.874	59.96
391.246	19.1
391.619	27.36
391.991	-13.05
392.363	55.21
392.735	-13.16
393.107	59.21
393.479	30.83
393.851	49.9
394.223	55.28
394.595	-34.74
394.967	37.76
395.339	48.39
395.711	44.76
396.082	-50.61
396.454	-46.31
396.826	93.48
397.198	95.35
397.569	84.06
397.941	70.23
398.312	66.67
398.684	50.93
399.055	38.37
399.427	31.79
399.798	49.94
400.17	71.95
400.541	48.39
400.912	52.27
401.284	67.31
401.655	77.81
402.026	15.22
402.397	37.85
402.768	44.34
403.139	35.65
403.51	47.31
403.881	63.51
404.252	40.61
404.623	36.58
404.994	28.06
405.365	40.48
405.736	45.84
406.107	30.5
406.477	41.7
406.848	34.52
407.219	43.33
407.59	45.43
407.96	43.68
408.331	57.13
408.701	37.27
409.072	39.98
409.442	43.26
409.813	54.99
410.183	43.03
410.553	46.63
410.924	37.39
411.294	39.14
411.664	37.22
412.034	47
412.405	47.51
412.775	41.57
413.145	42.37
413.515	46.43
413.885	43.83
414.255	42.68
414.625	42.14
414.995	42.95
415.364	39.68
415.734	39.8
416.104	37.35
416.474	40.42
416.844	42.63
417.213	39.15
417.583	37.58
417.952	39.37
418.322	39.94
418.692	37.78
419.061	39.97
419.43	37.79
419.8	41.94
420.169	39.75
420.539	38.44
420.908	36.75
421.277	37.06
421.646	36.85
422.016	38.66
422.385	39.88
422.754	39.62
423.123	37.4
423.492	37.9
423.861	38.96
424.23	37.86
424.599	36.7
424.968	40.37
425.337	38.25
425.705	39.61
426.074	37.45
426.443	37.6
426.812	40.38
427.18	39.14
427.549	38.18
427.918	36.39
428.286	36.14
428.655	37.86
429.023	41.57
429.392	41.53
429.76	39.5
430.128	36.68
430.497	37.85
430.865	37.69
431.233	37.27
431.601	37.83
431.97	37.59
432.338	36.72
432.706	35.47
433.074	35.4
433.442	36.45
433.81	38.23
434.178	39.81
434.546	38.66
434.914	34.43
435.281	33.44
435.649	33.62
436.017	33.83
436.385	33.88
436.752	34.82
437.12	36.34
437.488	35.06
437.855	31.98
438.223	33.13
438.59	33.8
438.958	32.07
439.325	31.88
439.693	31.71
440.06	31.35
440.427	30.88
440.794	31.6
441.162	30.59
441.529	32.37
441.896	31.72
442.263	32.28
442.63	31.11
442.997	30.3
443.364	29.34
443.731	30.46
444.098	31.29
444.465	28.51
444.832	27.98
445.199	28.73
445.566	32.2
445.932	33.18
446.299	30.35
446.666	29.67
447.032	29.27
447.399	33.37
447.765	30.4
448.132	31.06
448.498	28.28
448.865	28.37
449.231	30.34
449.597	31.98
449.964	31.03
450.33	29.62
450.696	29.23
451.063	29.23
451.429	29.9
451.795	30.54
452.161	32.85
452.527	30.09
452.893	29.61
453.259	29.75
453.625	29.55
453.991	31.18
454.357	30.39
454.722	28.18
455.088	28.84
455.454	28.87
455.82	31.98
456.185	31.5
456.551	27.7
456.916	28.26
457.282	30.76
457.648	33.66
458.013	30.79
458.378	28.38
458.744	26.28
459.109	29.42
459.474	32.33
459.84	30.57
460.205	29.27
460.57	27.42
460.935	28.62
461.3	31.46
461.666	32.31
462.031	30.67
462.396	27.04
462.761	26.58
463.126	29.96
463.49	31.63
463.855	31.4
464.22	30.36
464.585	30.17
464.95	29.68
465.314	29.35
465.679	30.55
466.044	30.43
466.408	29.69
466.773	27.64
467.137	26.56
467.502	28.28
467.866	31.76
468.23	33.15
468.595	30.46
468.959	29.48
469.323	30.62
469.688	29.24
470.052	27.88
470.416	27.89
470.78	29.33
471.144	30.63
471.508	28.61
471.872	27.16
472.236	27.62
472.6	29.84
472.964	30.1
473.328	28.46
473.692	26.31
474.055	26.5
474.419	26.95
474.783	29.18
475.146	30.26
475.51	27.12
475.874	25.97
476.237	27.36
476.601	27.22
476.964	27.18
477.327	26.35
477.691	26.08
478.054	26.63
478.417	26.83
478.781	26.49
479.144	26.39
479.507	27.41
479.87	27.29
480.233	27.96
480.596	26.98
480.959	26.49
481.322	27.51
481.685	26.75
482.048	25.29
482.411	24.17
482.774	25.35
483.137	26.81
483.499	26.43
483.862	26.15
484.225	25.54
484.588	24.42
484.95	25.26
485.313	26.37
485.675	26.61
486.038	25.65
486.4	24.79
486.762	25.47
487.125	25.67
487.487	26.16
487.849	24.77
488.212	23.64
488.574	23.57
488.936	24.72
489.298	25.69
489.66	25.74
490.022	26.2
490.384	26.35
490.746	26.27
491.108	23.43
491.47	22.91
491.832	24.89
492.194	27.54
492.555	26.42
492.917	24.52
493.279	23.78
493.64	23.64
494.002	24.32
494.364	25.9
494.725	27.18
495.087	26.21
495.448	24.78
495.809	24.01
496.171	23.8
496.532	23.5
496.893	24.53
497.255	25.79
497.616	26.08
497.977	25.18
498.338	23.92
498.699	24.93
499.06	25.68
499.421	26.36
499.782	25.19
500.143	23.68
500.504	23.03
500.865	24.3
501.226	26.96
501.586	25.96
501.947	23.97
502.308	23.56
502.669	25.04
503.029	25.26
503.39	25.03
503.75	23.8
504.111	24.24
504.471	24.81
504.832	23.34
505.192	22.88
505.552	24.47
505.913	26.27
506.273	26.52
506.633	24.73
506.993	22.88
507.353	23.65
507.713	24.17
508.073	23.69
508.433	23.93
508.793	24.3
509.153	23.91
509.513	23.3
509.873	23.37
510.233	22.61
510.593	22.88
510.952	23.93
511.312	24.68
511.672	25.09
512.031	23.96
512.391	23.57
512.75	23.75
513.11	23.01
513.469	22.19
513.829	22.26
514.188	24.27
514.548	25.34
514.907	23.35
515.266	22.04
515.625	22.13
515.984	23.13
516.344	24.33
516.703	23.48
517.062	22.1
517.421	22.08
517.78	22.93
518.139	23.09
518.497	23.74
518.856	23.8
519.215	22.75
519.574	21.77
519.933	20.71
520.291	21.01
520.65	22.51
521.009	24.82
521.367	24.55
521.726	22.4
522.084	20.23
522.443	20.51
522.801	22.14
523.159	22.85
523.518	21.47
523.876	20.99
524.234	21.77
524.592	21.64
524.95	21.93
525.309	21.42
525.667	21.83
526.025	21.84
526.383	21.41
526.741	21.81
527.099	22.15
527.456	22.66
527.814	22.78
528.172	22.02
528.53	21.37
528.887	21.17
529.245	20.59
529.603	20.82
529.96	20.89
530.318	22.07
530.675	23.02
531.033	22.67
531.39	21.82
531.748	21.33
532.105	20.9
532.462	21.04
532.82	20.94
533.177	20.9
533.534	22.02
533.891	21.74
534.248	21.5
534.605	21.72
534.962	21.58
535.319	21.88
535.676	22.64
536.033	22.31
536.39	21.23
536.747	19.7
537.104	20.09
537.46	22.93
537.817	23.82
538.174	22.48
538.53	21.5
538.887	21.09
539.243	21.18
539.6	21.6
539.956	20.64
540.313	22.13
540.669	23.05
541.025	22.73
541.382	22.1
541.738	22.13
542.094	22.12
542.45	21.51
542.806	21.76
543.162	21.18
543.518	21.52
543.874	22.11
544.23	22.23
544.586	22.79
544.942	23.2
545.298	22.44
545.654	22.01
546.009	22.7
546.365	22.63
546.721	22.22
547.076	22.2
547.432	22.81
547.788	23.14
548.143	22.61
548.499	21.63
548.854	21.65
549.209	23.34
549.565	24.49
549.92	23.46
550.275	22.23
550.63	21.57
550.986	22.05
551.341	23.12
551.696	23.34
552.051	23.08
552.406	22.81
552.761	21.48
553.116	21.11
553.471	21.3
553.825	24.08
554.18	24.94
554.535	24.37
554.89	22.88
555.244	22.55
555.599	22.52
555.954	22.99
556.308	22.48
556.663	22.2
557.017	22.72
557.371	23.31
557.726	23.26
558.08	22.94
558.435	23.31
558.789	23.42
559.143	23.13
559.497	22.33
559.851	22.15
560.205	22.7
560.559	22.87
560.913	22.65
561.267	22.26
561.621	22
561.975	22.19
562.329	22.43
562.683	22.67
563.037	22.09
563.39	21.81
563.744	21.53
564.098	21.71
564.451	22.5
564.805	22.42
565.158	22.15
565.512	22.77
565.865	21.72
566.218	21.26
566.572	21.59
566.925	22
567.278	22.02
567.632	21.94
567.985	21.19
568.338	21.41
568.691	22
569.044	21.82
569.397	22.24
569.75	21.9
570.103	20.79
570.456	20.31
570.809	20.49
571.161	22.08
571.514	22.93
571.867	21.94
572.22	20.21
572.572	20.54
572.925	21.3
573.277	22.41
573.63	21.42
573.982	20.77
574.335	20.74
574.687	21.23
575.039	20.24
575.392	19.93
575.744	20.23
576.096	21.71
576.448	21.76
576.8	21.37
577.152	20.86
577.504	21.68
577.856	22.15
578.208	21.96
578.56	20.54
578.912	19.67
579.264	19.85
579.616	22.19
579.968	22.59
580.319	21.47
580.671	20.51
581.022	19.61
581.374	20.45
581.726	20.88
582.077	20.47
582.429	20.69
582.78	21.84
583.131	21.69
583.483	21.5
583.834	21.5
584.185	20.65
584.536	20.34
584.887	20.51
585.239	20.58
585.59	20.95
585.941	20.92
586.292	20.64
586.643	20.69
586.993	21.37
587.344	21.55
587.695	21.39
588.046	20.89
588.397	21.2
588.747	21.5
589.098	21.05
589.448	20.16
589.799	19.77
590.15	20.51
590.5	20.77
590.85	20.21
591.201	19.95
591.551	20.79
591.901	20.97
592.252	21.63
592.602	20.99
592.952	21.05
593.302	21.05
593.652	21.03
594.002	20.25
594.352	20.09
594.702	20.63
595.052	21.06
595.402	20.88
595.752	21.18
596.102	20.79
596.451	20.68
596.801	20.72
597.151	20.69
597.5	21.44
597.85	21.33
598.199	20.6
598.549	20.86
598.898	20.42
599.248	20.09
599.597	20.29
599.946	20.75
600.296	21.85
600.645	22.26
600.994	21.96
601.343	20.64
601.692	20.25
602.041	21.16
602.39	20.94
602.739	19.72
603.088	20.28
603.437	20.66
603.786	21.38
604.135	20.86
604.484	20.01
604.832	19.61
605.181	20.4
605.53	20.78
605.878	21.34
606.227	21.57
606.575	21.08
606.924	19.98
607.272	20.38
607.621	20.68
607.969	20.71
608.317	19.64
608.665	19.84
609.014	20.72
609.362	20.98
609.71	20.38
610.058	19.77
610.406	20.46
610.754	21.53
611.102	21.07
611.45	20.58
611.798	19.84
612.145	20.39
612.493	20.57
612.841	21.01
613.189	20.24
613.536	19.92
613.884	19.72
614.231	20.28
614.579	20.32
614.926	20.16
615.274	19.9
615.621	20.06
615.968	20.35
616.316	19.51
616.663	19.32
617.01	19.63
617.357	19.49
617.704	20.03
618.051	20.32
618.398	19.63
618.745	19.59
619.092	19.42
619.439	19.08
619.786	19.99
620.133	20.95
620.48	20.32
620.826	19.03
621.173	18.57
621.52	19.17
621.866	19.98
622.213	20.23
622.559	19.97
622.906	19.48
623.252	18.81
623.599	18.85
623.945	19.76
624.291	19.28
624.638	18.87
624.984	18.28
625.33	18.34
625.676	18.99
626.022	19.85
626.368	19.71
626.714	20.22
627.06	19.07
627.406	18.79
627.752	18.72
628.098	18.81
628.443	18.81
628.789	19.51
629.135	19.35
629.48	18.86
629.826	19.19
630.171	19.34
630.517	19.78
630.862	19.06
631.208	18.58
631.553	18.27
631.898	18.77
632.244	19.93
632.589	19.99
632.934	19.42
633.279	18.21
633.624	17.43
633.97	17.67
634.315	19.01
634.659	20.13
635.004	20.11
635.349	19.12
635.694	18.5
636.039	18.32
636.384	19.07
636.728	18.89
637.073	17.62
637.418	17.57
637.762	18.64
638.107	19.85
638.451	19.53
638.796	18.14
639.14	18.22
639.484	18.41
639.829	18.37
640.173	18.65
640.517	18.3
640.861	18.66
641.206	18.19
641.55	18.23
641.894	18.26
642.238	19.18
642.582	18.83
642.926	17.56
643.269	18.54
643.613	19.31
643.957	19.4
644.301	18.86
644.645	17.41
644.988	18.12
645.332	18.37
645.675	18.92
646.019	18.21
646.362	18.51
646.706	18.9
647.049	19.17
647.392	18.4
647.736	18.33
648.079	18.02
648.422	18.39
648.765	18.8
649.108	19.01
649.452	19.19
649.795	18.91
650.138	18.02
650.48	17.63
650.823	17.76
651.166	18.33
651.509	19.65
651.852	19.7
652.195	18.62
652.537	18.03
652.88	17.84
653.222	18.46
653.565	19.09
653.907	17.75
654.25	18.77
654.592	18.86
654.935	19.47
655.277	19.51
655.619	19.08
655.961	18.26
656.304	19.16
656.646	18.96
656.988	18.62
657.33	19.68
657.672	19.72
658.014	19.11
658.356	18.65
658.698	18.18
659.039	17.82
659.381	19.4
659.723	18.58
660.065	18.94
660.406	19.03
660.748	19.33
661.089	19.43
661.431	19.79
661.772	19.2
662.114	18.51
662.455	17.84
662.797	18.73
663.138	18.36
663.479	18.77
663.82	19.39
664.161	18.57
664.503	18.38
664.844	17.84
665.185	18.24
665.526	18.25
665.867	18.49
666.207	17.96
666.548	18.85
666.889	19.29
667.23	19.35
667.57	18.76
667.911	17.51
668.252	18.19
668.592	19.05
668.933	19.98
669.273	18.8
669.614	17.64
669.954	18.68
670.294	18.39
670.635	18.37
670.975	20.12
671.315	18.61
671.655	18.49
671.995	19.38
672.336	18.39
672.676	17.62
673.016	17.92
673.355	18.71
673.695	19.27
674.035	18.68
674.375	18.26
674.715	16.6
675.054	17.49
675.394	17.75
675.734	18.9
676.073	19.97
676.413	17.54
676.752	19.54
677.092	17.68
677.431	17.59
677.77	18.02
678.11	17.19
678.449	18.77
678.788	18.47
679.127	18.24
679.467	18.26
679.806	18.25
680.145	18.34
680.484	18
680.823	17.34
681.161	17.44
681.5	17.15
681.839	17.14
682.178	18.05
682.517	17.8
682.855	19.17
683.194	18.32
683.532	19.33
683.871	18.46
684.209	18.47
684.548	16.22
684.886	17.37
685.225	17.69
685.563	17.67
685.901	18.88
686.239	17.52
686.578	16.52
686.916	17.66
687.254	17.73
687.592	17.42
687.93	17.67
688.268	17.93
688.606	17.52
688.943	17.05
689.281	16.88
689.619	16.9
689.957	17.49
690.294	17.81
690.632	16.98
690.969	18.65
691.307	16.27
691.644	16.16
691.982	18.39
692.319	16.89
692.657	18.51
692.994	17.82
693.331	18.89
693.668	16.13
694.006	17.13
694.343	17.22
694.68	17.6
695.017	16.79
695.354	18.81
695.691	18.42
696.028	18.14
696.364	16.76
696.701	18.1
697.038	17.98
697.375	16.53
697.711	15.34
698.048	17.96
698.384	16.36
698.721	17.64
699.057	16.74
699.394	19.85
699.73	16.79
700.066	19.11
700.403	19.76
700.739	18.4
701.075	17.02
701.411	16.9
701.747	17.61
702.083	18.01
702.419	18.37
702.755	18.37
703.091	20.71
703.427	18.04
703.763	16.21
704.099	18.13
704.435	19.2
704.77	14.31
705.106	17.74
705.441	15.87
705.777	16.7
706.113	16.84
706.448	15.86
706.783	18.84
707.119	16.72
707.454	18.2
707.789	16.16
708.125	17
708.46	17.75
708.795	20.93
709.13	17.64
709.465	15.89
709.8	16.37
710.135	19.33
710.47	17.04
710.805	16.02
711.139	20.82
711.474	19.3
711.809	19.69
712.144	19.92
712.478	15.66
712.813	17.17
713.147	16.31
713.482	16.19
713.816	19.68
714.151	16.93
714.485	18.98
714.819	20.91
715.153	18.94
715.488	15.29
715.822	19.44
716.156	16.97
716.49	20.74
716.824	15.44
717.158	20.36
717.492	19.59
717.826	17.63
718.16	17.49
718.493	20.45
718.827	20.18
719.161	16.45
719.494	18.24
719.828	17.88
720.161	20.72
720.495	15.14
720.828	14.71
721.162	19.46
721.495	15.49
721.829	17.11
722.162	18.94
722.495	19.22
722.828	17.38
723.161	15.96
723.494	17.31
723.827	17.63
724.16	14.51
724.493	9.98
724.826	17.49
725.159	22.45
725.492	21.94
725.825	18.89
726.157	19.69
726.49	20.45
726.823	16.99
727.155	22.29
727.488	18.41
727.82	17
728.153	25.11
728.485	16.01
728.817	19.61
729.15	18.03
729.482	10.73
729.814	15.47
730.146	12.47
730.478	17.08
730.81	20.63
731.142	19.66
731.474	16.47
731.806	16.14
732.138	21.5
732.47	20.88
732.801	13.96
733.133	17.33
733.465	22.86
733.796	17.45
734.128	12.83
734.46	17.39
734.791	10.51
735.122	17.48
735.454	28.22
735.785	20.3
736.116	18.36
736.448	23.02
736.779	10.64
737.11	22.24
737.441	23.76
737.772	13.1
738.103	19.46
738.434	22.32
738.765	2.23
739.096	7.34
739.427	8.67
739.758	8.33
740.088	13.5
740.419	17.49
740.75	20.59
741.08	9.96
741.411	24.86
741.741	10.05
742.072	21.22
742.402	27.01
742.732	14.89
743.063	19.76
743.393	17.99
743.723	12.46
744.053	10.53
744.383	18.67
744.713	18.65
745.043	21.99
745.373	29.67
745.703	21.56
746.033	15.08
746.363	24.3
746.693	18.33
747.022	15.98
747.352	16.72
747.682	20.41
748.011	20.19
748.341	15.28
748.67	24.96
749	7.72
749.329	15.77
749.659	7.44
749.988	15.61
750.317	-0.75
750.646	25.98
750.975	18.78
751.305	20.5
751.634	29.61
751.963	14.14
752.292	23.29
752.62	9.22
752.949	8.25
753.278	12.97
753.607	27.22
753.936	27.29
754.264	31.81
754.593	8.02
754.922	20.77
755.25	30.03
755.579	36.54
755.907	25.33
756.235	30.58
756.564	15.52
756.892	17.1
757.22	24.42
757.548	20.88
757.877	25.78
758.205	33.29
758.533	8.23
758.861	4.11
759.189	25.65
759.517	39.31
759.844	24.56
760.172	22.87
760.5	18.29
760.828	19.34
761.155	-3.39
761.483	32.06
761.811	28.05
762.138	3.98
762.466	18.39
762.793	3.15
763.12	21.17
763.448	26.07
763.775	16.39
764.102	15.66
764.429	19.31
764.757	2.31
765.084	4.64
765.411	24.1
765.738	34.72
766.065	30.3
766.392	-9.26
766.718	-2.49
767.045	6.45
767.372	18.42
767.699	-4.95
768.025	-1.21
768.352	22.9
768.678	15.02
769.005	-18.77
769.331	3.05
769.658	23.77
769.984	3.45
770.31	33.26
770.637	15.52
770.963	15.99
771.289	22.98
771.615	6.9
771.941	15.74
772.267	4.19
772.593	32.46
772.919	16.35
773.245	-4.73
773.571	21.76
773.897	18.34
774.222	-4.87
774.548	2.7
774.874	-29.37
775.199	16.54
775.525	32.04
775.85	50.8
776.176	-3.78
776.501	-6.87
776.827	30.55
777.152	22.5
777.477	30.68
777.802	38.69
778.128	-16.63
778.453	3.64
778.778	33.26
779.103	7.25
779.428	-13.33
779.753	33.24
780.077	46.53
780.402	69.1
780.727	28.23
781.052	19
781.376	29.9
781.701	46.61
782.026	43.79
782.35	-0.66
782.675	33.2
782.999	51.01
783.323	29.66
783.648	-27.56
783.972	31.05
784.296	39.37
784.62	22.83
784.944	18.2
785.269	21.51
785.593	2.23
785.917	95.47
786.24	62.48
786.564	32.54
786.888	-31.01
787.212	15.11
787.536	-3.28
787.859	-16.55
788.183	19.83
788.507	7.96
788.83	24.03
789.154	47.66
789.477	64.99
789.8	63.93
790.124	-2.42
790.447	-40.9
790.77	23.09
791.094	41.21
791.417	-20.48
791.74	15.72
792.063	13.27
792.386	-3.72
792.709	-73.22
793.032	52.44
793.355	17.94
793.677	-46.88
794	10.01
794.323	76.99
794.645	9.08
794.968	48.17
795.291	40.58
795.613	42.67
795.936	8.65
796.258	33.1
796.58	14.71
796.903	44.64
797.225	-74.93
797.547	29.23
797.869	48.96
798.191	-35.6
798.513	-27.45
798.836	44.31
799.157	-3.99
799.479	10.56
799.801	46.44
800.123	66.67
800.445	73.2
800.767	-40.9
801.088	47.47
801.41	28.04
801.731	-63.2
802.053	24.13
802.374	137.44
802.696	74.23
803.017	33.15
803.339	350.88
803.66	47.47
803.981	46.44
804.302	-31.4
804.623	30.62
804.944	6.13
805.265	-74.51
805.586	13.87
805.907	-61.8
806.228	9.68
806.549	93.48
806.87	6.93
807.191	-35.07
807.511	59.97
807.832	-0.27
808.152	-17.84
808.473	3.73
808.793	-27.99
809.114	28.83
809.434	42.3
809.755	12.65
810.075	14.45
810.395	3.73
810.715	37.87
811.035	65.79
811.355	-0.59
811.676	-36.04
811.995	19.61
812.315	-24.42
812.635	-16.52
812.955	16.39
813.275	15.05
813.595	-13.33
813.914	60.83
814.234	-222.56
814.554	72.77
814.873	19.1
815.193	411.49
815.512	-6.85
815.831	10.06
816.151	-16.52
816.47	-62.31
816.789	-0.47
817.108	34.21
817.428	37.87
817.747	66.67
818.066	1.82
818.385	20.51
818.704	-54.62
819.022	27.36
819.341	-14.93
819.66	33.02
819.979	-50.75
820.298	71.49
820.616	106.67
820.935	41.49
821.253	140.82
821.572	4.98
821.89	-457.47
822.209	-104.76
822.527	-195.31
822.845	63.59
823.163	113.48
823.482	-57.86
823.8	64.69
824.118	86.51
824.436	-161.5
824.754	-276.19
825.072	2386.67
825.39	87.07
825.707	225.29
826.025	-56.41
826.343	-45.53
826.661	52.07
826.978	155.9
827.296	-639.22
827.613	54.73
827.931	53.68
828.248	100.63
828.566	10.02
828.883	-481.9
829.2	15.99
829.517	-74.8
829.835	81.07
830.152	57.03
830.469	-83.83
830.786	609.52
831.103	100.56
831.42	79.25
831.737	82.05
832.053	17.81
832.37	-211.59
832.687	57.1
833.004	258.5
833.32	-74.8
833.637	-15.26
833.953	603.51
834.27	148.63
834.586	42.28
834.903	77.19
835.219	49.72
835.535	228.83
835.851	-1.63
836.168	-1533.33
836.484	66.67
836.8	89.1
837.116	-1276.19
837.432	77.99
837.748	63.62
838.063	605.13
838.379	89.1
838.695	105.5
839.011	89.62
839.326	-133.33
839.642	812.12
839.958	135.24
840.273	-89.43
840.589	238.1
840.904	70.06
841.219	609.52
841.535	7866.67
841.85	31.55
842.165	59.93
842.48	419.61
842.795	-8333.33
843.11	113.18
843.425	-419.05
843.74	352.38
844.055	46.89
844.37	66.67
844.685	12.12
845	44.31
845.314	80.86
845.629	84.73
845.944	-933.33
846.258	-23.74
846.573	272.38
846.887	135.24
847.201	-56.41
847.516	99.72
847.83	75.12
848.144	42.71
848.458	98.67
848.773	319.3
849.087	805.8
849.401	-30.89
849.715	49.84
850.029	24.41
850.342	226.67
850.656	-64.37
850.97	86.89
851.284	116.02
851.597	57.97
851.911	-40.18
852.225	116.02
852.538	350.54
852.852	-109.8
853.165	43.41
853.478	284.06
853.792	49.28
854.105	13.06
854.418	1866.67
854.731	-14.18
855.044	9.07
855.357	-23.9
855.67	-2133.33
855.983	596.08
856.296	-2933.33
856.609	139.56
856.922	80.86
857.235	106.67
857.547	-55.91
857.86	-225.23
858.173	202.05
858.485	651.28
858.798	43.31
859.11	-86.06
859.423	-18.58
859.735	-127.93
860.047	1123.81
860.359	24.11
860.672	-154.39
860.984	-375.44
861.296	147.57
861.608	156.39
861.92	49.84
862.232	-16.92
862.544	-364.1
862.855	1066.67
863.167	227.23
863.479	-225.64
863.791	-210.75
864.102	596.08
864.414	82.05
864.725	1303.03
865.037	104.62
865.348	-247.62
865.659	124.09
865.971	243.14
866.282	-2561.9
866.593	163.51
866.904	-96.97
867.215	-166.32
867.527	1357.58
867.838	393.5
868.148	-436.04
868.459	223.29
868.77	866.67
869.081	-76.19
869.392	-14333.33
869.702	-2933.33
870.013	-51.44
870.324	181.87
870.634	172.55
870.945	1786.67
871.255	422.76
871.565	2026.67
871.876	157.23
872.186	466.67
872.496	146.91
872.806	546.67
873.116	131.07
873.427	556.32
873.737	226.67
874.047	109.87
874.356	108.62
874.666	-141.33
874.976	490.2
875.286	-185.96
875.596	18.39
875.905	151
876.215	136.9
876.524	921.21
876.834	8.44
877.143	-131.14
877.453	-4133.33
877.762	238.97
878.071	225.08
878.38	136.9
878.69	358.1
878.999	123.13
879.308	639.08
879.617	165.13
879.926	-116.94
880.235	228.46
880.544	-247.62
880.852	-1961.9
881.161	-676.19
881.47	182.46
881.779	223.92
882.087	-713.98
882.396	283.62
882.704	470.92
883.013	-26933.33
883.321	3346.67
883.629	2626.67
883.938	-375.44
884.246	1266.67
884.554	1248.48
884.862	-141.33
885.17	264.9
885.478	-1564.1
885.786	223.29
886.094	114.94
886.402	-227.88
886.71	338.36
887.018	406.29
887.325	266.67
887.633	458.16
887.941	-133.33
888.248	258.25
888.556	236.48
888.863	277.93
889.171	2866.67
889.478	126.52
889.785	-11333.33
890.092	72.27
890.4	772.55
890.707	-964.1
891.014	-17933.33
891.321	394.97
891.628	-94.62
891.935	234.67
892.242	-34.3
892.548	1066.67
892.855	-403.6
893.162	259.44
893.469	118.58
893.775	146.67
894.082	-268.82
894.388	139.1
894.695	361.01
895.001	182.7
895.307	370.11
895.614	-1533.33
895.92	185.25
896.226	805.8
896.532	75.05
896.838	-77.6
897.144	843.14
897.45	1.55
897.756	-13133.33
898.062	-1101.75
898.368	194.76
898.674	-144.98
898.98	81.4
899.285	-453.33
899.591	-157.82
899.896	-59.95
900.202	1139.39
900.507	192.09
900.813	120.78
901.118	125.41
901.423	48.39
901.729	87.1
902.034	-133.33
902.339	109.31
902.644	124.38
902.949	-185.96
903.254	-1148.72
903.559	-53.33
903.864	179.71
904.169	17.44
904.473	174.36
904.778	757.58
905.083	82.85
905.387	159.74
905.692	38.82
905.996	99.45
906.301	155.9
906.605	232.52
906.909	-0.62
907.214	695.24
907.518	700.95
907.822	313.73
908.126	-24.42
908.43	10.06
908.734	-10.88
909.038	-36.56
909.342	135.57
909.646	826.67
909.95	138.25
910.254	-22.99
910.557	349.43
910.861	-10.26
911.165	46.89
911.468	75.36
911.772	38.1
912.075	-105.75
912.378	66.67
912.682	13.92
912.985	257.44
913.288	93.01
913.591	50.45
913.894	-147.97
914.198	99.39
914.501	123.81
914.804	49.91
915.106	631.37
915.409	129.82
915.712	127.13
916.015	66.67
916.317	-38.25
916.62	322.05
916.923	24.56
917.225	21.38
917.528	946.67
917.83	-124.03
918.132	1123.81
918.435	217.49
918.737	76.06
919.039	466.67
919.341	12.3
919.643	31.37
919.945	-79.28
920.247	186.67
920.549	39.08
920.851	-221.14
921.153	-54.43
921.455	42.28
921.757	-43.68
922.058	266.67
922.36	203.25
922.661	328.74
922.963	-9.7
923.264	-127.93
923.566	112.18
923.867	703.03
924.168	323.81
924.47	176.34
924.771	36.82
925.072	-1.26
925.373	99.61
925.674	-97.27
925.975	-1.42
926.276	124.2
926.577	-501.75
926.878	1866.67
927.178	-91.23
927.479	100.71
927.78	38.1
928.08	-5933.33
928.381	177.3
928.681	345.54
928.982	25.96
929.282	-63.06
929.582	-12.4
929.883	-190.48
930.183	217.89
930.483	121.84
930.783	-12.54
931.083	82.05
931.383	49.65
931.683	24.11
931.983	321.21
932.283	43.85
932.583	-55.41
932.882	153.62
933.182	100.43
933.482	-613.33
933.781	126.52
934.081	369.89
934.38	97.44
934.68	1266.67
934.979	66.67
935.278	-122.81
935.577	12.73
935.877	26.67
936.176	-24.53
936.475	866.67
936.774	59.77
937.073	77.71
937.372	-18.37
937.671	75.18
937.969	85.27
938.268	384.31
938.567	117.37
938.865	-853.33
939.164	121.21
939.463	-86.93
939.761	98.67
940.059	147.75
940.358	136.55
940.656	141.91
940.954	-224.24
941.253	-3.92
941.551	59.93
941.849	18.55
942.147	63.13
942.445	-39.22
942.743	-496.97
943.041	64.31
943.339	222.6
943.636	27.11
943.934	-7.02
944.232	-1333.33
944.529	-39.22
944.827	77.58
945.124	445.61
945.422	-17.2
945.719	-64.37
946.016	586.67
946.314	11.35
946.611	-81.16
946.908	-247.62
947.205	-127.7
947.502	278.43
947.799	137.44
948.096	-180.39
948.393	-118.7
948.69	14.57
948.987	93.63
949.284	87.07
949.58	145.91
949.877	-2933.33
950.173	-169.7
950.47	17.16
950.766	47.47
951.063	-115.15
951.359	135.32
951.655	123.27
951.952	66.67
952.248	57.36
952.544	15.5
952.84	-26.36
953.136	192.98
953.432	-39.83
953.728	222.83
954.024	-237.33
954.32	115.36
954.615	-157.95
954.911	-0.7
955.207	-917.95
955.502	18.39
955.798	93.85
956.093	-133.33
956.389	162.32
956.684	206.39
956.979	-81.16
957.275	-224.24
957.57	-169.7
957.865	-498.55
958.16	-55.07
958.455	1.8
958.75	50.17
959.045	99.1
959.34	-606.06
959.635	-41.2
959.929	-26.95
960.224	111.56
960.519	-39.72
960.813	116.01
961.108	540.35
961.402	-177.24
961.697	70.06
961.991	202.05
962.286	-148.43
962.58	328.74
962.874	13.01
963.168	651.28
963.462	161.58
963.756	26.67
964.05	-11.3
964.344	-37.95
964.638	-112.99
964.932	49.52
965.226	45.29
965.519	-27.45
965.813	952.38
966.107	83.81
966.4	203.25
966.694	-933.33
966.987	54.73
967.281	247.15
967.574	62.46
967.867	43.51
968.16	-115.15
968.453	82.88
968.747	26.97
969.04	47.47
969.333	98.25
969.626	-104.07
969.918	-95.5
970.211	273.12
970.504	-56.81
970.797	-75.15
971.089	-20.29
971.382	57.53
971.675	266.67
971.967	-973.33
972.259	-21.45
972.552	80.11
972.844	71.49
973.136	116.02
973.429	60.07
973.721	-39.88
974.013	1186.67
974.305	-43.68
974.597	-0.62
974.889	-205.46
975.181	-333.33
975.473	-253.33
975.764	99.68
976.056	140.64
976.348	-14.25
976.639	90.4
976.931	-105.75
977.222	63.68
977.514	185.03
977.805	77.88
978.096	79.85
978.388	-312.28
978.679	29.02
978.97	17.44
979.261	15.5
979.552	-387.88
979.843	-103.55
980.134	106.27
980.425	108.92
980.716	-237.33
981.007	129.96
981.297	292.2
981.588	419.61
981.879	-152.69
982.169	-44.73
982.46	-26.95
982.75	83.45
983.04	132.6
983.331	1426.67
983.621	-387.88
983.911	19.61
984.201	-74.8
984.491	5.8
984.781	-48.93
985.071	154.78
985.361	946.67
985.651	11.62
985.941	10.06
986.231	71.32
986.521	100.81
986.81	282.99
987.1	-11.21
987.389	-42.24
987.679	242.79
987.968	539.39
988.258	-71.95
988.547	540.35
988.836	-410.26
989.125	279.43
989.414	-21.47
989.704	-173.33
989.993	626.67
990.282	-0.59
990.57	81.7
990.859	186.67
991.148	-224.24
991.437	61.06
991.726	-14.23
992.014	25.57
992.303	8.8
992.591	-3013.33
992.88	66.67
993.168	-291.95
993.456	192.09
993.745	195.7
994.033	-139.05
994.321	42.67
994.609	-129.08
994.897	218.67
995.185	-156.19
995.473	50.45
995.761	-392.16
996.049	69.59
996.337	3.68
996.625	-917.95
996.912	-45.53
997.2	523.81
997.487	12.73
997.775	-215.69
998.062	-31.64
998.35	87.07
998.637	-0.62
998.924	49.72
999.212	-133.33
999.499	161.4
999.786	13.65
1000.073	8.44
1000.36	-37.13
1000.647	261.26
1000.934	2626.67
1001.221	16.2
1001.507	45.29
1001.794	49.82
1002.081	-127.93
1002.367	75.04
1002.654	4266.67
1002.94	49.87
1003.227	-230.11
1003.513	-271.79
1003.8	-32.03
1004.086	-61.69
1004.372	-63.06
1004.658	100.22
1004.944	-91.23
1005.23	384.31
1005.516	-641.03
1005.802	308.05
1006.088	-104.07
1006.374	458.67
1006.66	69.25
1006.945	100.63
1007.231	55.45
1007.516	-56.41
1007.802	-180.14
1008.087	177.25
1008.373	112.26
1008.658	148.3
1008.944	1266.67
1009.229	-180.14
1009.514	336.23
1009.799	-167.07
1010.084	-167.38
1010.369	-37.95
1010.654	61.47
1010.939	-1813.33
1011.224	-427.45
1011.509	100.56
1011.793	-177.24
1012.078	-60.61
1012.363	54.45
1012.647	0.73
1012.932	-263.77
1013.216	66.67
1013.5	9.52
1013.785	13.65
1014.069	220.95
1014.353	477.19
1014.637	107.17
1014.922	-34.46
1015.206	6.93
1015.49	9066.67
1015.773	-315.94
1016.057	-36.19
1016.341	234.41
1016.625	-34.13
1016.909	-21.33
1017.192	-847.62
1017.476	-28.72
1017.759	508.77
1018.043	-57.86
1018.326	-29.54
1018.61	61.94
1018.893	703.03
1019.176	-37.13
1019.459	-310.48
1019.742	147.75
1020.025	-3.92
1020.308	38.93
1020.591	44.65
1020.874	-195.15
1021.157	82.2
1021.44	-271.26
1021.723	5466.67
1022.005	-733.33
1022.288	132.6
